0 0.0014792899408284023 0.0 0.9985207100591716
1 0.0014792899408284023 0.0 0.9985207100591716
2 0.0014792899408284023 0.0 0.9985207100591716
3 0.0014792899408284023 0.0 0.9985207100591716
4 0.0014792899408284023 0.0 0.9985207100591716
5 0.0014792899408284023 0.0 0.9985207100591716
6 0.0014792899408284023 0.0 0.9985207100591716
7 0.0014792899408284023 0.0 0.9985207100591716
8 0.0014792899408284023 0.0 0.9985207100591716
9 0.0014792899408284023 0.0029585798816568047 0.9955621301775148
10 0.0014792899408284023 0.005917159763313609 0.992603550295858
11 0.004437869822485207 0.0029585798816568047 0.992603550295858
12 0.005917159763313609 0.0014792899408284023 0.992603550295858
13 0.005917159763313609 0.0014792899408284023 0.992603550295858
14 0.0073964497041420114 0.004437869822485207 0.9881656804733728
15 0.0073964497041420114 0.005917159763313609 0.9866863905325444
16 0.013313609467455622 0.0 0.9866863905325444
17 0.013313609467455622 0.004437869822485207 0.9822485207100592
18 0.013313609467455622 0.010355029585798817 0.9763313609467456
19 0.014792899408284023 0.013313609467455622 0.9718934911242604
20 0.022189349112426034 0.008875739644970414 0.9689349112426036
21 0.02514792899408284 0.005917159763313609 0.9689349112426036
22 0.029585798816568046 0.005917159763313609 0.9644970414201184
23 0.03106508875739645 0.008875739644970414 0.9600591715976331
24 0.034023668639053255 0.013313609467455622 0.9526627218934911
25 0.03994082840236687 0.013313609467455622 0.9467455621301775
26 0.04437869822485207 0.013313609467455622 0.9423076923076923
27 0.04881656804733728 0.014792899408284023 0.9363905325443787
28 0.05473372781065089 0.011834319526627219 0.9334319526627219
29 0.05917159763313609 0.013313609467455622 0.9275147928994083
30 0.06360946745562131 0.014792899408284023 0.9215976331360947
31 0.06656804733727811 0.026627218934911243 0.9068047337278107
32 0.07248520710059171 0.029585798816568046 0.8979289940828402
33 0.08727810650887574 0.014792899408284023 0.8979289940828402
34 0.10059171597633136 0.004437869822485207 0.8949704142011834
35 0.10207100591715976 0.022189349112426034 0.8757396449704142
36 0.10502958579881656 0.026627218934911243 0.8683431952662722
37 0.11686390532544379 0.026627218934911243 0.856508875739645
38 0.12721893491124261 0.019230769230769232 0.8535502958579881
39 0.13757396449704143 0.01775147928994083 0.8446745562130178
40 0.14349112426035504 0.029585798816568046 0.8269230769230769
41 0.15236686390532544 0.03698224852071006 0.8106508875739645
42 0.16124260355029585 0.03550295857988166 0.8032544378698225
43 0.17455621301775148 0.03698224852071006 0.7884615384615384
44 0.1878698224852071 0.034023668639053255 0.7781065088757396
45 0.1997041420118343 0.038461538461538464 0.7618343195266272
46 0.21153846153846154 0.03994082840236687 0.7485207100591716
47 0.22041420118343194 0.042899408284023666 0.7366863905325444
48 0.23816568047337278 0.03550295857988166 0.7263313609467456
49 0.25443786982248523 0.04585798816568047 0.6997041420118343
50 0.26331360946745563 0.047337278106508875 0.6893491124260355
51 0.27958579881656803 0.042899408284023666 0.6775147928994083
52 0.2958579881656805 0.03698224852071006 0.6671597633136095
53 0.3121301775147929 0.03106508875739645 0.6568047337278107
54 0.3224852071005917 0.04585798816568047 0.6316568047337278
55 0.3343195266272189 0.057692307692307696 0.6079881656804734
56 0.34911242603550297 0.0621301775147929 0.5887573964497042
57 0.363905325443787 0.0621301775147929 0.5739644970414202
58 0.3890532544378698 0.05325443786982249 0.5576923076923077
59 0.4156804733727811 0.04437869822485207 0.5399408284023669
60 0.43047337278106507 0.05325443786982249 0.5162721893491125
61 0.4393491124260355 0.060650887573964495 0.5
62 0.45857988165680474 0.06360946745562131 0.47781065088757396
63 0.48372781065088755 0.0621301775147929 0.4541420118343195
64 0.49556213017751477 0.057692307692307696 0.4467455621301775
65 0.5162721893491125 0.05621301775147929 0.4275147928994083
66 0.5458579881656804 0.04437869822485207 0.40976331360946744
67 0.5517751479289941 0.05473372781065089 0.39349112426035504
68 0.5680473372781065 0.051775147928994084 0.3801775147928994
69 0.5887573964497042 0.04585798816568047 0.36538461538461536
70 0.6094674556213018 0.042899408284023666 0.34763313609467456
71 0.6257396449704142 0.038461538461538464 0.33579881656804733
72 0.6301775147928994 0.047337278106508875 0.3224852071005917
73 0.6464497041420119 0.047337278106508875 0.3062130177514793
74 0.658284023668639 0.05917159763313609 0.28254437869822485
75 0.6760355029585798 0.060650887573964495 0.26331360946745563
76 0.6893491124260355 0.0621301775147929 0.2485207100591716
77 0.7100591715976331 0.05473372781065089 0.23520710059171598
78 0.7307692307692307 0.04437869822485207 0.22485207100591717
79 0.7440828402366864 0.05029585798816568 0.20562130177514792
80 0.7633136094674556 0.04881656804733728 0.1878698224852071
81 0.7766272189349113 0.051775147928994084 0.17159763313609466
82 0.7973372781065089 0.04437869822485207 0.15828402366863906
83 0.8121301775147929 0.03254437869822485 0.15532544378698224
84 0.8254437869822485 0.03550295857988166 0.1390532544378698
85 0.8328402366863905 0.03254437869822485 0.1346153846153846
86 0.8402366863905325 0.03106508875739645 0.128698224852071
87 0.8594674556213018 0.016272189349112426 0.1242603550295858
88 0.8609467455621301 0.02514792899408284 0.11390532544378698
89 0.8653846153846154 0.022189349112426034 0.11242603550295859
90 0.8727810650887574 0.022189349112426034 0.10502958579881656
91 0.8831360946745562 0.013313609467455622 0.10355029585798817
92 0.886094674556213 0.014792899408284023 0.09911242603550297
93 0.8890532544378699 0.013313609467455622 0.09763313609467456
94 0.893491124260355 0.013313609467455622 0.09319526627218935
95 0.8979289940828402 0.010355029585798817 0.09171597633136094
96 0.8994082840236687 0.008875739644970414 0.09171597633136094
97 0.8964497041420119 0.011834319526627219 0.09171597633136094
98 0.8979289940828402 0.010355029585798817 0.09171597633136094
99 0.8964497041420119 0.011834319526627219 0.09171597633136094
