0 0.0014792899408284023 0.0 0.9985207100591716
1 0.0014792899408284023 0.0 0.9985207100591716
2 0.0014792899408284023 0.0 0.9985207100591716
3 0.0014792899408284023 0.0 0.9985207100591716
4 0.0014792899408284023 0.004437869822485207 0.9940828402366864
5 0.0014792899408284023 0.005917159763313609 0.992603550295858
6 0.0029585798816568047 0.004437869822485207 0.992603550295858
7 0.0073964497041420114 0.0 0.992603550295858
8 0.0073964497041420114 0.0 0.992603550295858
9 0.0073964497041420114 0.0014792899408284023 0.9911242603550295
10 0.0073964497041420114 0.0029585798816568047 0.9896449704142012
11 0.0073964497041420114 0.005917159763313609 0.9866863905325444
12 0.013313609467455622 0.004437869822485207 0.9822485207100592
13 0.013313609467455622 0.004437869822485207 0.9822485207100592
14 0.013313609467455622 0.010355029585798817 0.9763313609467456
15 0.019230769230769232 0.0073964497041420114 0.9733727810650887
16 0.020710059171597635 0.010355029585798817 0.9689349112426036
17 0.028106508875739646 0.0029585798816568047 0.9689349112426036
18 0.03106508875739645 0.005917159763313609 0.9630177514792899
19 0.03106508875739645 0.011834319526627219 0.9571005917159763
20 0.03550295857988166 0.013313609467455622 0.9511834319526628
21 0.04142011834319527 0.011834319526627219 0.9467455621301775
22 0.047337278106508875 0.010355029585798817 0.9423076923076923
23 0.05325443786982249 0.008875739644970414 0.9378698224852071
24 0.05621301775147929 0.011834319526627219 0.9319526627218935
25 0.0621301775147929 0.016272189349112426 0.9215976331360947
26 0.06804733727810651 0.016272189349112426 0.915680473372781
27 0.07396449704142012 0.019230769230769232 0.9068047337278107
28 0.08579881656804733 0.016272189349112426 0.8979289940828402
29 0.09615384615384616 0.0073964497041420114 0.8964497041420119
30 0.10207100591715976 0.0073964497041420114 0.8905325443786982
31 0.10207100591715976 0.022189349112426034 0.8757396449704142
32 0.11242603550295859 0.023668639053254437 0.863905325443787
33 0.1242603550295858 0.019230769230769232 0.856508875739645
34 0.13609467455621302 0.01775147928994083 0.8461538461538461
35 0.14349112426035504 0.02514792899408284 0.8313609467455622
36 0.15236686390532544 0.03254437869822485 0.8150887573964497
37 0.16715976331360946 0.026627218934911243 0.8062130177514792
38 0.1834319526627219 0.020710059171597635 0.7958579881656804
39 0.1937869822485207 0.02514792899408284 0.7810650887573964
40 0.20118343195266272 0.04142011834319527 0.757396449704142
41 0.21597633136094674 0.03698224852071006 0.7470414201183432
42 0.23076923076923078 0.03698224852071006 0.7322485207100592
43 0.2485207100591716 0.02514792899408284 0.7263313609467456
44 0.2618343195266272 0.034023668639053255 0.7041420118343196
45 0.27071005917159763 0.042899408284023666 0.6863905325443787
46 0.2869822485207101 0.04437869822485207 0.6686390532544378
47 0.3032544378698225 0.03254437869822485 0.6642011834319527
48 0.3165680473372781 0.028106508875739646 0.6553254437869822
49 0.32840236686390534 0.03550295857988166 0.636094674556213
50 0.3431952662721893 0.04881656804733728 0.6079881656804734
51 0.3594674556213018 0.05029585798816568 0.5902366863905325
52 0.38461538461538464 0.042899408284023666 0.5724852071005917
53 0.40384615384615385 0.04142011834319527 0.5547337278106509
54 0.4156804733727811 0.051775147928994084 0.5325443786982249
55 0.4452662721893491 0.04142011834319527 0.5133136094674556
56 0.4556213017751479 0.060650887573964495 0.48372781065088755
57 0.47633136094674555 0.051775147928994084 0.4718934911242604
58 0.5 0.042899408284023666 0.45710059171597633
59 0.5133136094674556 0.05029585798816568 0.4363905325443787
60 0.5399408284023669 0.047337278106508875 0.41272189349112426
61 0.5532544378698225 0.047337278106508875 0.3994082840236686
62 0.5739644970414202 0.047337278106508875 0.378698224852071
63 0.5931952662721893 0.038461538461538464 0.3683431952662722
64 0.6020710059171598 0.04585798816568047 0.3520710059171598
65 0.6227810650887574 0.042899408284023666 0.3343195266272189
66 0.6390532544378699 0.042899408284023666 0.3180473372781065
67 0.6464497041420119 0.051775147928994084 0.30177514792899407
68 0.6612426035502958 0.051775147928994084 0.2869822485207101
69 0.6819526627218935 0.04585798816568047 0.27218934911242604
70 0.6997041420118343 0.04585798816568047 0.25443786982248523
71 0.7218934911242604 0.03698224852071006 0.2411242603550296
72 0.735207100591716 0.038461538461538464 0.22633136094674555
73 0.7529585798816568 0.038461538461538464 0.20857988165680474
74 0.7633136094674556 0.047337278106508875 0.1893491124260355
75 0.7825443786982249 0.04437869822485207 0.17307692307692307
76 0.7943786982248521 0.03994082840236687 0.16568047337278108
77 0.8136094674556213 0.029585798816568046 0.15680473372781065
78 0.8298816568047337 0.022189349112426034 0.14792899408284024
79 0.8372781065088757 0.02514792899408284 0.13757396449704143
80 0.8446745562130178 0.023668639053254437 0.13165680473372782
81 0.856508875739645 0.020710059171597635 0.1227810650887574
82 0.8609467455621301 0.023668639053254437 0.11538461538461539
83 0.8698224852071006 0.019230769230769232 0.11094674556213018
84 0.878698224852071 0.016272189349112426 0.10502958579881656
85 0.886094674556213 0.008875739644970414 0.10502958579881656
86 0.8905325443786982 0.011834319526627219 0.09763313609467456
87 0.893491124260355 0.011834319526627219 0.09467455621301775
88 0.8964497041420119 0.010355029585798817 0.09319526627218935
89 0.9023668639053254 0.0073964497041420114 0.09023668639053255
90 0.9038461538461539 0.0073964497041420114 0.08875739644970414
91 0.9068047337278107 0.004437869822485207 0.08875739644970414
92 0.9097633136094675 0.004437869822485207 0.08579881656804733
93 0.9112426035502958 0.0029585798816568047 0.08579881656804733
94 0.9127218934911243 0.0029585798816568047 0.08431952662721894
95 0.9142011834319527 0.0014792899408284023 0.08431952662721894
96 0.9142011834319527 0.0014792899408284023 0.08431952662721894
97 0.915680473372781 0.0 0.08431952662721894
98 0.9142011834319527 0.0029585798816568047 0.08284023668639054
99 0.915680473372781 0.0029585798816568047 0.08136094674556213
