0 0.0014792899408284023 0.0 0.9985207100591716
1 0.0073964497041420114 0.0 0.992603550295858
2 0.0073964497041420114 0.0014792899408284023 0.9911242603550295
3 0.008875739644970414 0.0073964497041420114 0.9837278106508875
4 0.011834319526627219 0.005917159763313609 0.9822485207100592
5 0.013313609467455622 0.010355029585798817 0.9763313609467456
6 0.01775147928994083 0.0073964497041420114 0.9748520710059172
7 0.022189349112426034 0.008875739644970414 0.9689349112426036
8 0.026627218934911243 0.0073964497041420114 0.9659763313609467
9 0.03106508875739645 0.0073964497041420114 0.9615384615384616
10 0.03254437869822485 0.011834319526627219 0.9556213017751479
11 0.034023668639053255 0.019230769230769232 0.9467455621301775
12 0.04142011834319527 0.014792899408284023 0.9437869822485208
13 0.05325443786982249 0.0073964497041420114 0.9393491124260355
14 0.05473372781065089 0.01775147928994083 0.9275147928994083
15 0.05917159763313609 0.023668639053254437 0.9171597633136095
16 0.06656804733727811 0.026627218934911243 0.9068047337278107
17 0.07692307692307693 0.022189349112426034 0.900887573964497
18 0.08875739644970414 0.01775147928994083 0.893491124260355
19 0.09171597633136094 0.023668639053254437 0.8846153846153846
20 0.10207100591715976 0.026627218934911243 0.871301775147929
21 0.10946745562130178 0.03106508875739645 0.8594674556213018
22 0.1227810650887574 0.034023668639053255 0.8431952662721893
23 0.13313609467455623 0.038461538461538464 0.8284023668639053
24 0.14497041420118342 0.03994082840236687 0.8150887573964497
25 0.15532544378698224 0.03994082840236687 0.8047337278106509
26 0.16568047337278108 0.04585798816568047 0.7884615384615384
27 0.1863905325443787 0.029585798816568046 0.7840236686390533
28 0.19674556213017752 0.03550295857988166 0.7677514792899408
29 0.21005917159763313 0.034023668639053255 0.7559171597633136
30 0.22337278106508876 0.04437869822485207 0.7322485207100592
31 0.23372781065088757 0.051775147928994084 0.7144970414201184
32 0.2559171597633136 0.047337278106508875 0.6967455621301775
33 0.27218934911242604 0.05029585798816568 0.6775147928994083
34 0.28106508875739644 0.057692307692307696 0.6612426035502958
35 0.3032544378698225 0.04437869822485207 0.6523668639053254
36 0.3180473372781065 0.04881656804733728 0.6331360946745562
37 0.33136094674556216 0.057692307692307696 0.6109467455621301
38 0.34467455621301774 0.06804733727810651 0.5872781065088757
39 0.363905325443787 0.07248520710059171 0.5636094674556213
40 0.3875739644970414 0.060650887573964495 0.5517751479289941
41 0.40976331360946744 0.060650887573964495 0.5295857988165681
42 0.4230769230769231 0.07840236686390532 0.4985207100591716
43 0.4437869822485207 0.08136094674556213 0.47485207100591714
44 0.46893491124260356 0.07988165680473373 0.4511834319526627
45 0.492603550295858 0.07396449704142012 0.4334319526627219
46 0.5088757396449705 0.07840236686390532 0.41272189349112426
47 0.5325443786982249 0.07544378698224852 0.39201183431952663
48 0.5532544378698225 0.06804733727810651 0.378698224852071
49 0.5784023668639053 0.060650887573964495 0.3609467455621302
50 0.591715976331361 0.06360946745562131 0.34467455621301774
51 0.6050295857988166 0.06360946745562131 0.33136094674556216
52 0.621301775147929 0.060650887573964495 0.3180473372781065
53 0.6405325443786982 0.05473372781065089 0.3047337278106509
54 0.6671597633136095 0.04585798816568047 0.2869822485207101
55 0.6760355029585798 0.05325443786982249 0.27071005917159763
56 0.6923076923076923 0.0621301775147929 0.2455621301775148
57 0.7085798816568047 0.060650887573964495 0.23076923076923078
58 0.727810650887574 0.0621301775147929 0.21005917159763313
59 0.7455621301775148 0.060650887573964495 0.1937869822485207
60 0.7603550295857988 0.06360946745562131 0.1760355029585799
61 0.7707100591715976 0.06360946745562131 0.16568047337278108
62 0.7943786982248521 0.047337278106508875 0.15828402366863906
63 0.8106508875739645 0.038461538461538464 0.15088757396449703
64 0.8298816568047337 0.03106508875739645 0.1390532544378698
65 0.834319526627219 0.03698224852071006 0.128698224852071
66 0.8446745562130178 0.03254437869822485 0.1227810650887574
67 0.8520710059171598 0.028106508875739646 0.11982248520710059
68 0.8668639053254438 0.019230769230769232 0.11390532544378698
69 0.871301775147929 0.022189349112426034 0.10650887573964497
70 0.8757396449704142 0.022189349112426034 0.10207100591715976
71 0.8816568047337278 0.019230769230769232 0.09911242603550297
72 0.893491124260355 0.010355029585798817 0.09615384615384616
73 0.8949704142011834 0.013313609467455622 0.09171597633136094
74 0.8979289940828402 0.011834319526627219 0.09023668639053255
75 0.9023668639053254 0.0073964497041420114 0.09023668639053255
76 0.9053254437869822 0.005917159763313609 0.08875739644970414
77 0.9053254437869822 0.0073964497041420114 0.08727810650887574
78 0.9068047337278107 0.0073964497041420114 0.08579881656804733
79 0.908284023668639 0.008875739644970414 0.08284023668639054
80 0.9112426035502958 0.0073964497041420114 0.08136094674556213
81 0.9142011834319527 0.004437869822485207 0.08136094674556213
82 0.9142011834319527 0.004437869822485207 0.08136094674556213
83 0.9171597633136095 0.0014792899408284023 0.08136094674556213
84 0.9186390532544378 0.0 0.08136094674556213
85 0.9186390532544378 0.0 0.08136094674556213
86 0.9186390532544378 0.0 0.08136094674556213
87 0.9186390532544378 0.0 0.08136094674556213
88 0.9186390532544378 0.0 0.08136094674556213
89 0.9186390532544378 0.0 0.08136094674556213
90 0.9186390532544378 0.0 0.08136094674556213
91 0.9186390532544378 0.0 0.08136094674556213
92 0.9186390532544378 0.0 0.08136094674556213
93 0.9186390532544378 0.0 0.08136094674556213
94 0.9186390532544378 0.0 0.08136094674556213
95 0.9186390532544378 0.0 0.08136094674556213
96 0.9186390532544378 0.0 0.08136094674556213
97 0.9186390532544378 0.0 0.08136094674556213
98 0.9186390532544378 0.0 0.08136094674556213
99 0.9186390532544378 0.0 0.08136094674556213
