0 0.0014792899408284023 0.0 0.9985207100591716
1 0.0014792899408284023 0.004437869822485207 0.9940828402366864
2 0.004437869822485207 0.0029585798816568047 0.992603550295858
3 0.005917159763313609 0.0014792899408284023 0.992603550295858
4 0.0073964497041420114 0.0 0.992603550295858
5 0.0073964497041420114 0.0014792899408284023 0.9911242603550295
6 0.0073964497041420114 0.0029585798816568047 0.9896449704142012
7 0.008875739644970414 0.0029585798816568047 0.9881656804733728
8 0.011834319526627219 0.0029585798816568047 0.985207100591716
9 0.011834319526627219 0.0073964497041420114 0.9807692307692307
10 0.016272189349112426 0.0073964497041420114 0.9763313609467456
11 0.01775147928994083 0.010355029585798817 0.9718934911242604
12 0.020710059171597635 0.010355029585798817 0.9689349112426036
13 0.028106508875739646 0.004437869822485207 0.9674556213017751
14 0.03106508875739645 0.004437869822485207 0.9644970414201184
15 0.03106508875739645 0.011834319526627219 0.9571005917159763
16 0.03550295857988166 0.013313609467455622 0.9511834319526628
17 0.042899408284023666 0.013313609467455622 0.9437869822485208
18 0.047337278106508875 0.011834319526627219 0.9408284023668639
19 0.05621301775147929 0.011834319526627219 0.9319526627218935
20 0.057692307692307696 0.020710059171597635 0.9215976331360947
21 0.06360946745562131 0.020710059171597635 0.915680473372781
22 0.07248520710059171 0.022189349112426034 0.9053254437869822
23 0.07840236686390532 0.019230769230769232 0.9023668639053254
24 0.09023668639053255 0.016272189349112426 0.893491124260355
25 0.10059171597633136 0.014792899408284023 0.8846153846153846
26 0.10059171597633136 0.029585798816568046 0.8698224852071006
27 0.10502958579881656 0.034023668639053255 0.8609467455621301
28 0.1227810650887574 0.020710059171597635 0.856508875739645
29 0.1346153846153846 0.01775147928994083 0.8476331360946746
30 0.1390532544378698 0.03254437869822485 0.8284023668639053
31 0.14644970414201183 0.03698224852071006 0.8165680473372781
32 0.16420118343195267 0.029585798816568046 0.8062130177514792
33 0.17899408284023668 0.03106508875739645 0.7899408284023669
34 0.1863905325443787 0.029585798816568046 0.7840236686390533
35 0.1997041420118343 0.038461538461538464 0.7618343195266272
36 0.20857988165680474 0.04142011834319527 0.75
37 0.22189349112426035 0.04881656804733728 0.7292899408284024
38 0.2411242603550296 0.03550295857988166 0.7233727810650887
39 0.2603550295857988 0.03254437869822485 0.7071005917159763
40 0.2692307692307692 0.047337278106508875 0.6834319526627219
41 0.28402366863905326 0.04585798816568047 0.6701183431952663
42 0.30177514792899407 0.03698224852071006 0.6612426035502958
43 0.3224852071005917 0.03698224852071006 0.6405325443786982
44 0.33727810650887574 0.04142011834319527 0.621301775147929
45 0.34763313609467456 0.051775147928994084 0.6005917159763313
46 0.363905325443787 0.05029585798816568 0.5857988165680473
47 0.3801775147928994 0.051775147928994084 0.5680473372781065
48 0.40236686390532544 0.04437869822485207 0.5532544378698225
49 0.42159763313609466 0.04881656804733728 0.5295857988165681
50 0.4378698224852071 0.0650887573964497 0.4970414201183432
51 0.4511834319526627 0.06804733727810651 0.4807692307692308
52 0.4807692307692308 0.05917159763313609 0.46005917159763315
53 0.5059171597633136 0.05325443786982249 0.4408284023668639
54 0.5207100591715976 0.057692307692307696 0.42159763313609466
55 0.5414201183431953 0.051775147928994084 0.4068047337278107
56 0.5562130177514792 0.05917159763313609 0.38461538461538464
57 0.5769230769230769 0.051775147928994084 0.371301775147929
58 0.5976331360946746 0.047337278106508875 0.35502958579881655
59 0.6109467455621301 0.05621301775147929 0.3328402366863905
60 0.6272189349112426 0.05325443786982249 0.31952662721893493
61 0.6420118343195266 0.05029585798816568 0.3076923076923077
62 0.665680473372781 0.04881656804733728 0.28550295857988167
63 0.6804733727810651 0.04881656804733728 0.27071005917159763
64 0.6923076923076923 0.05621301775147929 0.2514792899408284
65 0.7100591715976331 0.051775147928994084 0.23816568047337278
66 0.7307692307692307 0.05473372781065089 0.21449704142011836
67 0.7411242603550295 0.05621301775147929 0.20266272189349113
68 0.757396449704142 0.05917159763313609 0.1834319526627219
69 0.7781065088757396 0.047337278106508875 0.17455621301775148
70 0.7928994082840237 0.04142011834319527 0.16568047337278108
71 0.8091715976331361 0.03698224852071006 0.15384615384615385
72 0.8239644970414202 0.03254437869822485 0.14349112426035504
73 0.8313609467455622 0.03106508875739645 0.13757396449704143
74 0.8402366863905325 0.028106508875739646 0.13165680473372782
75 0.8505917159763313 0.023668639053254437 0.1257396449704142
76 0.8594674556213018 0.022189349112426034 0.11834319526627218
77 0.8653846153846154 0.02514792899408284 0.10946745562130178
78 0.8698224852071006 0.023668639053254437 0.10650887573964497
79 0.8816568047337278 0.013313609467455622 0.10502958579881656
80 0.8875739644970414 0.016272189349112426 0.09615384615384616
81 0.8905325443786982 0.014792899408284023 0.09467455621301775
82 0.900887573964497 0.004437869822485207 0.09467455621301775
83 0.9038461538461539 0.004437869822485207 0.09171597633136094
84 0.9068047337278107 0.004437869822485207 0.08875739644970414
85 0.9068047337278107 0.005917159763313609 0.08727810650887574
86 0.9097633136094675 0.0029585798816568047 0.08727810650887574
87 0.9112426035502958 0.004437869822485207 0.08431952662721894
88 0.9112426035502958 0.004437869822485207 0.08431952662721894
89 0.9127218934911243 0.0029585798816568047 0.08431952662721894
90 0.915680473372781 0.0 0.08431952662721894
91 0.915680473372781 0.0029585798816568047 0.08136094674556213
92 0.915680473372781 0.0029585798816568047 0.08136094674556213
93 0.9171597633136095 0.0014792899408284023 0.08136094674556213
94 0.9171597633136095 0.0014792899408284023 0.08136094674556213
95 0.9171597633136095 0.0014792899408284023 0.08136094674556213
96 0.9186390532544378 0.0 0.08136094674556213
97 0.9186390532544378 0.0 0.08136094674556213
98 0.9186390532544378 0.0 0.08136094674556213
99 0.9186390532544378 0.0 0.08136094674556213
