0 0.0014792899408284023 0.0 0.9985207100591716
1 0.0014792899408284023 0.0 0.9985207100591716
2 0.0014792899408284023 0.0 0.9985207100591716
3 0.0014792899408284023 0.0 0.9985207100591716
4 0.0014792899408284023 0.0 0.9985207100591716
5 0.0014792899408284023 0.0 0.9985207100591716
6 0.0014792899408284023 0.0 0.9985207100591716
7 0.0014792899408284023 0.0 0.9985207100591716
8 0.0014792899408284023 0.0 0.9985207100591716
9 0.0014792899408284023 0.0 0.9985207100591716
10 0.0014792899408284023 0.0 0.9985207100591716
11 0.0014792899408284023 0.0 0.9985207100591716
12 0.0014792899408284023 0.0 0.9985207100591716
13 0.0014792899408284023 0.0 0.9985207100591716
14 0.0014792899408284023 0.0 0.9985207100591716
15 0.0014792899408284023 0.004437869822485207 0.9940828402366864
16 0.0029585798816568047 0.0029585798816568047 0.9940828402366864
17 0.004437869822485207 0.0014792899408284023 0.9940828402366864
18 0.005917159763313609 0.0029585798816568047 0.9911242603550295
19 0.005917159763313609 0.0029585798816568047 0.9911242603550295
20 0.005917159763313609 0.004437869822485207 0.9896449704142012
21 0.008875739644970414 0.004437869822485207 0.9866863905325444
22 0.011834319526627219 0.0014792899408284023 0.9866863905325444
23 0.013313609467455622 0.0073964497041420114 0.9792899408284024
24 0.013313609467455622 0.0073964497041420114 0.9792899408284024
25 0.016272189349112426 0.013313609467455622 0.9704142011834319
26 0.019230769230769232 0.010355029585798817 0.9704142011834319
27 0.02514792899408284 0.005917159763313609 0.9689349112426036
28 0.028106508875739646 0.010355029585798817 0.9615384615384616
29 0.029585798816568046 0.010355029585798817 0.9600591715976331
30 0.03106508875739645 0.014792899408284023 0.9541420118343196
31 0.03550295857988166 0.013313609467455622 0.9511834319526628
32 0.042899408284023666 0.011834319526627219 0.9452662721893491
33 0.047337278106508875 0.010355029585798817 0.9423076923076923
34 0.05029585798816568 0.016272189349112426 0.9334319526627219
35 0.05473372781065089 0.016272189349112426 0.9289940828402367
36 0.057692307692307696 0.01775147928994083 0.9245562130177515
37 0.0621301775147929 0.023668639053254437 0.9142011834319527
38 0.07544378698224852 0.019230769230769232 0.9053254437869822
39 0.07988165680473373 0.01775147928994083 0.9023668639053254
40 0.08875739644970414 0.013313609467455622 0.8979289940828402
41 0.09467455621301775 0.016272189349112426 0.8890532544378699
42 0.09763313609467456 0.03254437869822485 0.8698224852071006
43 0.10207100591715976 0.03698224852071006 0.8609467455621301
44 0.11982248520710059 0.020710059171597635 0.8594674556213018
45 0.12721893491124261 0.022189349112426034 0.8505917159763313
46 0.13757396449704143 0.020710059171597635 0.841715976331361
47 0.14497041420118342 0.023668639053254437 0.8313609467455622
48 0.15088757396449703 0.023668639053254437 0.8254437869822485
49 0.15680473372781065 0.03698224852071006 0.8062130177514792
50 0.16420118343195267 0.04585798816568047 0.7899408284023669
51 0.17751479289940827 0.04142011834319527 0.7810650887573964
52 0.1908284023668639 0.04142011834319527 0.7677514792899408
53 0.20266272189349113 0.038461538461538464 0.7588757396449705
54 0.21745562130177515 0.038461538461538464 0.7440828402366864
55 0.22189349112426035 0.04881656804733728 0.7292899408284024
56 0.23816568047337278 0.05029585798816568 0.7115384615384616
57 0.257396449704142 0.04142011834319527 0.7011834319526628
58 0.26627218934911245 0.03994082840236687 0.6937869822485208
59 0.28254437869822485 0.042899408284023666 0.6745562130177515
60 0.29289940828402367 0.04585798816568047 0.6612426035502958
61 0.30029585798816566 0.05029585798816568 0.6494082840236687
62 0.3180473372781065 0.05029585798816568 0.6316568047337278
63 0.3328402366863905 0.05621301775147929 0.6109467455621301
64 0.34763313609467456 0.06360946745562131 0.5887573964497042
65 0.3609467455621302 0.06804733727810651 0.5710059171597633
66 0.38461538461538464 0.06360946745562131 0.5517751479289941
67 0.40532544378698226 0.060650887573964495 0.5340236686390533
68 0.42011834319526625 0.0650887573964497 0.514792899408284
69 0.4334319526627219 0.07100591715976332 0.49556213017751477
70 0.4556213017751479 0.07396449704142012 0.47041420118343197
71 0.4718934911242604 0.06656804733727811 0.46153846153846156
72 0.49556213017751477 0.057692307692307696 0.4467455621301775
73 0.5103550295857988 0.060650887573964495 0.4289940828402367
74 0.5281065088757396 0.0621301775147929 0.40976331360946744
75 0.5473372781065089 0.05917159763313609 0.39349112426035504
76 0.5576923076923077 0.057692307692307696 0.38461538461538464
77 0.5754437869822485 0.05473372781065089 0.3698224852071006
78 0.591715976331361 0.051775147928994084 0.35650887573964496
79 0.6079881656804734 0.05621301775147929 0.33579881656804733
80 0.6227810650887574 0.05917159763313609 0.3180473372781065
81 0.6420118343195266 0.05029585798816568 0.3076923076923077
82 0.6449704142011834 0.0650887573964497 0.28994082840236685
83 0.6568047337278107 0.07100591715976332 0.27218934911242604
84 0.6789940828402367 0.06656804733727811 0.25443786982248523
85 0.6982248520710059 0.05917159763313609 0.24260355029585798
86 0.7130177514792899 0.060650887573964495 0.22633136094674555
87 0.735207100591716 0.05621301775147929 0.20857988165680474
88 0.735207100591716 0.05917159763313609 0.20562130177514792
89 0.7485207100591716 0.05325443786982249 0.19822485207100593
90 0.7603550295857988 0.057692307692307696 0.1819526627218935
91 0.7751479289940828 0.057692307692307696 0.16715976331360946
92 0.7899408284023669 0.051775147928994084 0.15828402366863906
93 0.7884615384615384 0.05325443786982249 0.15828402366863906
94 0.7884615384615384 0.0621301775147929 0.14940828402366865
95 0.7692307692307693 0.08431952662721894 0.14644970414201183
96 0.7662721893491125 0.08727810650887574 0.14644970414201183
97 0.0 0.8150887573964497 0.1849112426035503
98 0.0 0.8136094674556213 0.1863905325443787
99 0.0 0.772189349112426 0.22781065088757396
