0 0.0014792899408284023 0.0 0.9985207100591716
1 0.0014792899408284023 0.0 0.9985207100591716
2 0.0014792899408284023 0.0 0.9985207100591716
3 0.0014792899408284023 0.0 0.9985207100591716
4 0.0014792899408284023 0.0 0.9985207100591716
5 0.0014792899408284023 0.0 0.9985207100591716
6 0.0014792899408284023 0.0 0.9985207100591716
7 0.0014792899408284023 0.0 0.9985207100591716
8 0.0014792899408284023 0.0 0.9985207100591716
9 0.0014792899408284023 0.0 0.9985207100591716
10 0.0014792899408284023 0.0 0.9985207100591716
11 0.0014792899408284023 0.0 0.9985207100591716
12 0.0014792899408284023 0.0 0.9985207100591716
13 0.0014792899408284023 0.004437869822485207 0.9940828402366864
14 0.0014792899408284023 0.004437869822485207 0.9940828402366864
15 0.004437869822485207 0.0014792899408284023 0.9940828402366864
16 0.005917159763313609 0.0 0.9940828402366864
17 0.005917159763313609 0.004437869822485207 0.9896449704142012
18 0.005917159763313609 0.0073964497041420114 0.9866863905325444
19 0.008875739644970414 0.008875739644970414 0.9822485207100592
20 0.011834319526627219 0.008875739644970414 0.9792899408284024
21 0.013313609467455622 0.010355029585798817 0.9763313609467456
22 0.016272189349112426 0.011834319526627219 0.9718934911242604
23 0.019230769230769232 0.010355029585798817 0.9704142011834319
24 0.020710059171597635 0.011834319526627219 0.9674556213017751
25 0.023668639053254437 0.013313609467455622 0.9630177514792899
26 0.023668639053254437 0.014792899408284023 0.9615384615384616
27 0.02514792899408284 0.022189349112426034 0.9526627218934911
28 0.03254437869822485 0.019230769230769232 0.9482248520710059
29 0.038461538461538464 0.014792899408284023 0.9467455621301775
30 0.042899408284023666 0.01775147928994083 0.9393491124260355
31 0.04437869822485207 0.022189349112426034 0.9334319526627219
32 0.05029585798816568 0.01775147928994083 0.9319526627218935
33 0.05621301775147929 0.020710059171597635 0.9230769230769231
34 0.06360946745562131 0.019230769230769232 0.9171597633136095
35 0.06656804733727811 0.026627218934911243 0.9068047337278107
36 0.0695266272189349 0.03254437869822485 0.8979289940828402
37 0.07840236686390532 0.03106508875739645 0.8905325443786982
38 0.08431952662721894 0.03106508875739645 0.8846153846153846
39 0.09171597633136094 0.03550295857988166 0.8727810650887574
40 0.10059171597633136 0.034023668639053255 0.8653846153846154
41 0.10650887573964497 0.034023668639053255 0.8594674556213018
42 0.11094674556213018 0.04142011834319527 0.8476331360946746
43 0.11538461538461539 0.042899408284023666 0.841715976331361
44 0.1242603550295858 0.04437869822485207 0.8313609467455622
45 0.1301775147928994 0.05325443786982249 0.8165680473372781
46 0.13313609467455623 0.05917159763313609 0.8076923076923077
47 0.13757396449704143 0.0650887573964497 0.7973372781065089
48 0.14940828402366865 0.0650887573964497 0.7855029585798816
49 0.15680473372781065 0.06804733727810651 0.7751479289940828
50 0.16715976331360946 0.07248520710059171 0.7603550295857988
51 0.1804733727810651 0.07248520710059171 0.7470414201183432
52 0.19674556213017752 0.0695266272189349 0.7337278106508875
53 0.21301775147928995 0.07544378698224852 0.7115384615384616
54 0.22781065088757396 0.07248520710059171 0.6997041420118343
55 0.23520710059171598 0.08431952662721894 0.6804733727810651
56 0.25 0.07840236686390532 0.6715976331360947
57 0.2677514792899408 0.0695266272189349 0.6627218934911243
58 0.28254437869822485 0.06804733727810651 0.6494082840236687
59 0.29289940828402367 0.07544378698224852 0.6316568047337278
60 0.3062130177514793 0.08431952662721894 0.6094674556213018
61 0.3239644970414201 0.07396449704142012 0.6020710059171598
62 0.33579881656804733 0.08727810650887574 0.5769230769230769
63 0.3431952662721893 0.09911242603550297 0.5576923076923077
64 0.3624260355029586 0.10798816568047337 0.5295857988165681
65 0.378698224852071 0.11242603550295859 0.5088757396449705
66 0.39644970414201186 0.10650887573964497 0.4970414201183432
67 0.41272189349112426 0.11094674556213018 0.47633136094674555
68 0.4319526627218935 0.10946745562130178 0.45857988165680474
69 0.4541420118343195 0.10798816568047337 0.4378698224852071
70 0.46449704142011833 0.10650887573964497 0.4289940828402367
71 0.48372781065088755 0.10059171597633136 0.4156804733727811
72 0.4985207100591716 0.10798816568047337 0.39349112426035504
73 0.5192307692307693 0.10207100591715976 0.378698224852071
74 0.5295857988165681 0.10502958579881656 0.36538461538461536
75 0.5443786982248521 0.10650887573964497 0.34911242603550297
76 0.5665680473372781 0.10502958579881656 0.32840236686390534
77 0.5784023668639053 0.10059171597633136 0.3210059171597633
78 0.5946745562130178 0.10059171597633136 0.3047337278106509
79 0.6094674556213018 0.10059171597633136 0.28994082840236685
80 0.6301775147928994 0.09171597633136094 0.2781065088757396
81 0.6553254437869822 0.08136094674556213 0.26331360946745563
82 0.6701183431952663 0.08727810650887574 0.24260355029585798
83 0.6834319526627219 0.09023668639053255 0.22633136094674555
84 0.6952662721893491 0.09467455621301775 0.21005917159763313
85 0.7115384615384616 0.08136094674556213 0.20710059171597633
86 0.7263313609467456 0.07692307692307693 0.19674556213017752
87 0.7366863905325444 0.07544378698224852 0.1878698224852071
88 0.7529585798816568 0.07544378698224852 0.17159763313609466
89 0.7736686390532544 0.0650887573964497 0.16124260355029585
90 0.7840236686390533 0.06360946745562131 0.15236686390532544
91 0.8032544378698225 0.05621301775147929 0.14053254437869822
92 0.8165680473372781 0.051775147928994084 0.13165680473372782
93 0.8210059171597633 0.05621301775147929 0.1227810650887574
94 0.772189349112426 0.09319526627218935 0.1346153846153846
95 0.0 0.7795857988165681 0.22041420118343194
96 0.0 0.0 1.0
97 0.0 0.0 1.0
98 0.0 0.0 1.0
99 0.0 0.0 1.0
