0 0.0014792899408284023 0.0 0.9985207100591716
1 0.0014792899408284023 0.0 0.9985207100591716
2 0.0014792899408284023 0.0 0.9985207100591716
3 0.0014792899408284023 0.0 0.9985207100591716
4 0.0014792899408284023 0.0 0.9985207100591716
5 0.0014792899408284023 0.0 0.9985207100591716
6 0.0014792899408284023 0.0014792899408284023 0.9970414201183432
7 0.0014792899408284023 0.0029585798816568047 0.9955621301775148
8 0.0014792899408284023 0.004437869822485207 0.9940828402366864
9 0.0014792899408284023 0.004437869822485207 0.9940828402366864
10 0.0014792899408284023 0.004437869822485207 0.9940828402366864
11 0.0029585798816568047 0.0073964497041420114 0.9896449704142012
12 0.004437869822485207 0.0073964497041420114 0.9881656804733728
13 0.005917159763313609 0.0073964497041420114 0.9866863905325444
14 0.005917159763313609 0.010355029585798817 0.9837278106508875
15 0.008875739644970414 0.010355029585798817 0.9807692307692307
16 0.008875739644970414 0.011834319526627219 0.9792899408284024
17 0.014792899408284023 0.011834319526627219 0.9733727810650887
18 0.019230769230769232 0.014792899408284023 0.9659763313609467
19 0.020710059171597635 0.014792899408284023 0.9644970414201184
20 0.02514792899408284 0.011834319526627219 0.9630177514792899
21 0.028106508875739646 0.010355029585798817 0.9615384615384616
22 0.03106508875739645 0.01775147928994083 0.9511834319526628
23 0.03254437869822485 0.02514792899408284 0.9423076923076923
24 0.03698224852071006 0.02514792899408284 0.9378698224852071
25 0.03994082840236687 0.028106508875739646 0.9319526627218935
26 0.047337278106508875 0.026627218934911243 0.9260355029585798
27 0.05473372781065089 0.022189349112426034 0.9230769230769231
28 0.0621301775147929 0.020710059171597635 0.9171597633136095
29 0.06656804733727811 0.019230769230769232 0.9142011834319527
30 0.06804733727810651 0.034023668639053255 0.8979289940828402
31 0.07544378698224852 0.03994082840236687 0.8846153846153846
32 0.07988165680473373 0.03994082840236687 0.8801775147928994
33 0.08579881656804733 0.047337278106508875 0.8668639053254438
34 0.09319526627218935 0.05325443786982249 0.8535502958579881
35 0.10355029585798817 0.05325443786982249 0.8431952662721893
36 0.11094674556213018 0.057692307692307696 0.8313609467455622
37 0.1257396449704142 0.05621301775147929 0.8180473372781065
38 0.13165680473372782 0.057692307692307696 0.8106508875739645
39 0.14201183431952663 0.05917159763313609 0.7988165680473372
40 0.14940828402366865 0.0621301775147929 0.7884615384615384
41 0.15532544378698224 0.06804733727810651 0.7766272189349113
42 0.17307692307692307 0.06804733727810651 0.7588757396449705
43 0.17751479289940827 0.07692307692307693 0.7455621301775148
44 0.1893491124260355 0.08136094674556213 0.7292899408284024
45 0.20118343195266272 0.08136094674556213 0.7174556213017751
46 0.21597633136094674 0.07100591715976332 0.7130177514792899
47 0.22781065088757396 0.07840236686390532 0.6937869822485208
48 0.23668639053254437 0.07988165680473373 0.6834319526627219
49 0.2514792899408284 0.08284023668639054 0.665680473372781
50 0.26479289940828404 0.09911242603550297 0.636094674556213
51 0.2781065088757396 0.09911242603550297 0.6227810650887574
52 0.2988165680473373 0.09467455621301775 0.606508875739645
53 0.3150887573964497 0.10502958579881656 0.5798816568047337
54 0.3210059171597633 0.12130177514792899 0.5576923076923077
55 0.33875739644970415 0.1227810650887574 0.5384615384615384
56 0.3624260355029586 0.11686390532544379 0.5207100591715976
57 0.3816568047337278 0.11094674556213018 0.507396449704142
58 0.3979289940828402 0.10946745562130178 0.492603550295858
59 0.40828402366863903 0.11686390532544379 0.47485207100591714
60 0.4260355029585799 0.11538461538461539 0.45857988165680474
61 0.4378698224852071 0.11538461538461539 0.4467455621301775
62 0.46005917159763315 0.11094674556213018 0.4289940828402367
63 0.4881656804733728 0.10207100591715976 0.40976331360946744
64 0.5118343195266272 0.10059171597633136 0.3875739644970414
65 0.5192307692307693 0.10798816568047337 0.3727810650887574
66 0.5355029585798816 0.11242603550295859 0.3520710059171598
67 0.5576923076923077 0.10650887573964497 0.33579881656804733
68 0.5739644970414202 0.10502958579881656 0.3210059171597633
69 0.5887573964497042 0.10650887573964497 0.3047337278106509
70 0.6020710059171598 0.10502958579881656 0.29289940828402367
71 0.6198224852071006 0.10502958579881656 0.27514792899408286
72 0.6420118343195266 0.09615384615384616 0.2618343195266272
73 0.6523668639053254 0.10059171597633136 0.2470414201183432
74 0.6701183431952663 0.09171597633136094 0.23816568047337278
75 0.6819526627218935 0.09467455621301775 0.22337278106508876
76 0.6967455621301775 0.09319526627218935 0.21005917159763313
77 0.7100591715976331 0.09023668639053255 0.1997041420118343
78 0.7337278106508875 0.08284023668639054 0.1834319526627219
79 0.7485207100591716 0.08579881656804733 0.16568047337278108
80 0.7618343195266272 0.07840236686390532 0.15976331360946747
81 0.7781065088757396 0.07100591715976332 0.15088757396449703
82 0.7840236686390533 0.07248520710059171 0.14349112426035504
83 0.7988165680473372 0.06360946745562131 0.13757396449704143
84 0.8047337278106509 0.06656804733727811 0.128698224852071
85 0.8106508875739645 0.0695266272189349 0.11982248520710059
86 0.8239644970414202 0.05917159763313609 0.11686390532544379
87 0.8357988165680473 0.05029585798816568 0.11390532544378698
88 0.849112426035503 0.04142011834319527 0.10946745562130178
89 0.8609467455621301 0.03550295857988166 0.10355029585798817
90 0.8653846153846154 0.034023668639053255 0.10059171597633136
91 0.8742603550295858 0.03106508875739645 0.09467455621301775
92 0.8801775147928994 0.028106508875739646 0.09171597633136094
93 0.8875739644970414 0.023668639053254437 0.08875739644970414
94 0.8831360946745562 0.02514792899408284 0.09171597633136094
95 0.8505917159763313 0.051775147928994084 0.09763313609467456
96 0.7988165680473372 0.09911242603550297 0.10207100591715976
97 0.0 0.8949704142011834 0.10502958579881656
98 0.0 0.8994082840236687 0.10059171597633136
99 0.0 0.900887573964497 0.09911242603550297
