0 0.0014792899408284023 0.0 0.9985207100591716
1 0.0014792899408284023 0.005917159763313609 0.992603550295858
2 0.0014792899408284023 0.005917159763313609 0.992603550295858
3 0.0029585798816568047 0.004437869822485207 0.992603550295858
4 0.005917159763313609 0.0029585798816568047 0.9911242603550295
5 0.0073964497041420114 0.0014792899408284023 0.9911242603550295
6 0.0073964497041420114 0.0073964497041420114 0.985207100591716
7 0.008875739644970414 0.008875739644970414 0.9822485207100592
8 0.011834319526627219 0.010355029585798817 0.977810650887574
9 0.011834319526627219 0.016272189349112426 0.9718934911242604
10 0.011834319526627219 0.019230769230769232 0.9689349112426036
11 0.01775147928994083 0.016272189349112426 0.9659763313609467
12 0.020710059171597635 0.020710059171597635 0.9585798816568047
13 0.026627218934911243 0.019230769230769232 0.9541420118343196
14 0.03106508875739645 0.01775147928994083 0.9511834319526628
15 0.03254437869822485 0.019230769230769232 0.9482248520710059
16 0.03550295857988166 0.028106508875739646 0.9363905325443787
17 0.042899408284023666 0.029585798816568046 0.9275147928994083
18 0.047337278106508875 0.03994082840236687 0.9127218934911243
19 0.051775147928994084 0.038461538461538464 0.9097633136094675
20 0.057692307692307696 0.038461538461538464 0.9038461538461539
21 0.06656804733727811 0.03994082840236687 0.893491124260355
22 0.07692307692307693 0.03698224852071006 0.886094674556213
23 0.08579881656804733 0.04585798816568047 0.8683431952662722
24 0.09615384615384616 0.05029585798816568 0.8535502958579881
25 0.10207100591715976 0.05621301775147929 0.841715976331361
26 0.11094674556213018 0.05473372781065089 0.834319526627219
27 0.11834319526627218 0.06804733727810651 0.8136094674556213
28 0.128698224852071 0.06804733727810651 0.8032544378698225
29 0.14497041420118342 0.07248520710059171 0.7825443786982249
30 0.15088757396449703 0.07544378698224852 0.7736686390532544
31 0.16420118343195267 0.07544378698224852 0.7603550295857988
32 0.17307692307692307 0.08431952662721894 0.742603550295858
33 0.1849112426035503 0.08727810650887574 0.727810650887574
34 0.20118343195266272 0.08431952662721894 0.7144970414201184
35 0.21153846153846154 0.09319526627218935 0.6952662721893491
36 0.23224852071005916 0.08579881656804733 0.6819526627218935
37 0.2440828402366864 0.09319526627218935 0.6627218934911243
38 0.2618343195266272 0.09467455621301775 0.643491124260355
39 0.27218934911242604 0.10355029585798817 0.6242603550295858
40 0.28994082840236685 0.10798816568047337 0.6020710059171598
41 0.3062130177514793 0.11242603550295859 0.5813609467455622
42 0.3224852071005917 0.11242603550295859 0.5650887573964497
43 0.34171597633136097 0.10502958579881656 0.5532544378698225
44 0.35355029585798814 0.11686390532544379 0.5295857988165681
45 0.36538461538461536 0.1242603550295858 0.5103550295857988
46 0.3816568047337278 0.11834319526627218 0.5
47 0.41124260355029585 0.10207100591715976 0.48668639053254437
48 0.43047337278106507 0.11094674556213018 0.45857988165680474
49 0.4541420118343195 0.11094674556213018 0.4349112426035503
50 0.4718934911242604 0.11094674556213018 0.4171597633136095
51 0.492603550295858 0.10059171597633136 0.4068047337278107
52 0.5103550295857988 0.10355029585798817 0.386094674556213
53 0.522189349112426 0.10650887573964497 0.371301775147929
54 0.5414201183431953 0.10355029585798817 0.35502958579881655
55 0.5576923076923077 0.11538461538461539 0.3269230769230769
56 0.5798816568047337 0.09911242603550297 0.3210059171597633
57 0.5946745562130178 0.09319526627218935 0.3121301775147929
58 0.6124260355029586 0.09911242603550297 0.28846153846153844
59 0.6272189349112426 0.10207100591715976 0.27071005917159763
60 0.6405325443786982 0.10946745562130178 0.25
61 0.6523668639053254 0.10798816568047337 0.23964497041420119
62 0.6775147928994083 0.10059171597633136 0.22189349112426035
63 0.6997041420118343 0.09467455621301775 0.20562130177514792
64 0.7071005917159763 0.09467455621301775 0.19822485207100593
65 0.7263313609467456 0.09467455621301775 0.17899408284023668
66 0.7366863905325444 0.09171597633136094 0.17159763313609466
67 0.7529585798816568 0.09763313609467456 0.14940828402366865
68 0.7707100591715976 0.08284023668639054 0.14644970414201183
69 0.7869822485207101 0.07248520710059171 0.14053254437869822
70 0.7928994082840237 0.07396449704142012 0.13313609467455623
71 0.8062130177514792 0.0695266272189349 0.1242603550295858
72 0.8195266272189349 0.060650887573964495 0.11982248520710059
73 0.8357988165680473 0.04881656804733728 0.11538461538461539
74 0.8461538461538461 0.04437869822485207 0.10946745562130178
75 0.8520710059171598 0.042899408284023666 0.10502958579881656
76 0.863905325443787 0.03994082840236687 0.09615384615384616
77 0.8668639053254438 0.03994082840236687 0.09319526627218935
78 0.8742603550295858 0.03254437869822485 0.09319526627218935
79 0.8772189349112426 0.03550295857988166 0.08727810650887574
80 0.8816568047337278 0.034023668639053255 0.08431952662721894
81 0.886094674556213 0.03106508875739645 0.08284023668639054
82 0.893491124260355 0.023668639053254437 0.08284023668639054
83 0.8994082840236687 0.01775147928994083 0.08284023668639054
84 0.9053254437869822 0.013313609467455622 0.08136094674556213
85 0.9053254437869822 0.013313609467455622 0.08136094674556213
86 0.9127218934911243 0.005917159763313609 0.08136094674556213
87 0.9142011834319527 0.004437869822485207 0.08136094674556213
88 0.9142011834319527 0.004437869822485207 0.08136094674556213
89 0.915680473372781 0.0029585798816568047 0.08136094674556213
90 0.915680473372781 0.0029585798816568047 0.08136094674556213
91 0.9171597633136095 0.0014792899408284023 0.08136094674556213
92 0.9186390532544378 0.0 0.08136094674556213
93 0.9186390532544378 0.0 0.08136094674556213
94 0.9186390532544378 0.0 0.08136094674556213
95 0.915680473372781 0.0029585798816568047 0.08136094674556213
96 0.9142011834319527 0.004437869822485207 0.08136094674556213
97 0.915680473372781 0.0029585798816568047 0.08136094674556213
98 0.915680473372781 0.0029585798816568047 0.08136094674556213
99 0.9171597633136095 0.0014792899408284023 0.08136094674556213
