0 0.0014792899408284023 0.0 0.9985207100591716
1 0.0014792899408284023 0.0 0.9985207100591716
2 0.0014792899408284023 0.0 0.9985207100591716
3 0.0014792899408284023 0.0014792899408284023 0.9970414201183432
4 0.0014792899408284023 0.004437869822485207 0.9940828402366864
5 0.0014792899408284023 0.005917159763313609 0.992603550295858
6 0.0029585798816568047 0.004437869822485207 0.992603550295858
7 0.004437869822485207 0.004437869822485207 0.9911242603550295
8 0.005917159763313609 0.005917159763313609 0.9881656804733728
9 0.005917159763313609 0.005917159763313609 0.9881656804733728
10 0.005917159763313609 0.005917159763313609 0.9881656804733728
11 0.010355029585798817 0.0073964497041420114 0.9822485207100592
12 0.011834319526627219 0.008875739644970414 0.9792899408284024
13 0.013313609467455622 0.013313609467455622 0.9733727810650887
14 0.016272189349112426 0.014792899408284023 0.9689349112426036
15 0.019230769230769232 0.013313609467455622 0.9674556213017751
16 0.020710059171597635 0.014792899408284023 0.9644970414201184
17 0.026627218934911243 0.016272189349112426 0.9571005917159763
18 0.034023668639053255 0.013313609467455622 0.9526627218934911
19 0.03550295857988166 0.016272189349112426 0.9482248520710059
20 0.03698224852071006 0.020710059171597635 0.9423076923076923
21 0.038461538461538464 0.028106508875739646 0.9334319526627219
22 0.04881656804733728 0.028106508875739646 0.9230769230769231
23 0.057692307692307696 0.028106508875739646 0.9142011834319527
24 0.0621301775147929 0.034023668639053255 0.9038461538461539
25 0.06804733727810651 0.034023668639053255 0.8979289940828402
26 0.07396449704142012 0.03698224852071006 0.8890532544378699
27 0.07692307692307693 0.04142011834319527 0.8816568047337278
28 0.08284023668639054 0.04585798816568047 0.871301775147929
29 0.08579881656804733 0.05917159763313609 0.8550295857988166
30 0.10207100591715976 0.04881656804733728 0.849112426035503
31 0.11538461538461539 0.04881656804733728 0.8357988165680473
32 0.11982248520710059 0.05325443786982249 0.8269230769230769
33 0.13313609467455623 0.051775147928994084 0.8150887573964497
34 0.14644970414201183 0.05473372781065089 0.7988165680473372
35 0.15680473372781065 0.05473372781065089 0.7884615384615384
36 0.16863905325443787 0.06360946745562131 0.7677514792899408
37 0.1819526627218935 0.0621301775147929 0.7559171597633136
38 0.1893491124260355 0.07248520710059171 0.7381656804733728
39 0.20118343195266272 0.07100591715976332 0.727810650887574
40 0.21153846153846154 0.07840236686390532 0.7100591715976331
41 0.22337278106508876 0.08284023668639054 0.6937869822485208
42 0.2411242603550296 0.08136094674556213 0.6775147928994083
43 0.25443786982248523 0.08727810650887574 0.658284023668639
44 0.27071005917159763 0.08284023668639054 0.6464497041420119
45 0.28254437869822485 0.08284023668639054 0.6346153846153846
46 0.2869822485207101 0.09467455621301775 0.6183431952662722
47 0.3062130177514793 0.10502958579881656 0.5887573964497042
48 0.3165680473372781 0.11390532544378698 0.5695266272189349
49 0.3343195266272189 0.11982248520710059 0.5458579881656804
50 0.363905325443787 0.10798816568047337 0.5281065088757396
51 0.3772189349112426 0.11538461538461539 0.507396449704142
52 0.39349112426035504 0.11686390532544379 0.4896449704142012
53 0.42011834319526625 0.10207100591715976 0.47781065088757396
54 0.4423076923076923 0.09911242603550297 0.45857988165680474
55 0.46153846153846156 0.09615384615384616 0.4423076923076923
56 0.47928994082840237 0.10059171597633136 0.42011834319526625
57 0.492603550295858 0.10207100591715976 0.40532544378698226
58 0.507396449704142 0.10502958579881656 0.3875739644970414
59 0.5251479289940828 0.10207100591715976 0.3727810650887574
60 0.5414201183431953 0.09911242603550297 0.3594674556213018
61 0.5532544378698225 0.09911242603550297 0.34763313609467456
62 0.5710059171597633 0.10650887573964497 0.3224852071005917
63 0.5902366863905325 0.10946745562130178 0.30029585798816566
64 0.6124260355029586 0.09467455621301775 0.29289940828402367
65 0.6272189349112426 0.09911242603550297 0.27366863905325445
66 0.6479289940828402 0.08875739644970414 0.26331360946745563
67 0.6642011834319527 0.08875739644970414 0.2470414201183432
68 0.6789940828402367 0.09171597633136094 0.22928994082840237
69 0.6952662721893491 0.09171597633136094 0.21301775147928995
70 0.7071005917159763 0.08579881656804733 0.20710059171597633
71 0.7248520710059172 0.08136094674556213 0.1937869822485207
72 0.7381656804733728 0.08136094674556213 0.1804733727810651
73 0.7529585798816568 0.08284023668639054 0.16420118343195267
74 0.7618343195266272 0.08431952662721894 0.15384615384615385
75 0.7766272189349113 0.07544378698224852 0.14792899408284024
76 0.7899408284023669 0.07396449704142012 0.13609467455621302
77 0.8002958579881657 0.06656804733727811 0.13313609467455623
78 0.8165680473372781 0.057692307692307696 0.1257396449704142
79 0.834319526627219 0.042899408284023666 0.1227810650887574
80 0.8402366863905325 0.04142011834319527 0.11834319526627218
81 0.849112426035503 0.03698224852071006 0.11390532544378698
82 0.856508875739645 0.03698224852071006 0.10650887573964497
83 0.8624260355029586 0.03698224852071006 0.10059171597633136
84 0.871301775147929 0.034023668639053255 0.09467455621301775
85 0.8801775147928994 0.02514792899408284 0.09467455621301775
86 0.8831360946745562 0.029585798816568046 0.08727810650887574
87 0.886094674556213 0.028106508875739646 0.08579881656804733
88 0.8905325443786982 0.023668639053254437 0.08579881656804733
89 0.8964497041420119 0.019230769230769232 0.08431952662721894
90 0.8994082840236687 0.016272189349112426 0.08431952662721894
91 0.9053254437869822 0.011834319526627219 0.08284023668639054
92 0.908284023668639 0.010355029585798817 0.08136094674556213
93 0.9112426035502958 0.0073964497041420114 0.08136094674556213
94 0.908284023668639 0.010355029585798817 0.08136094674556213
95 0.9023668639053254 0.013313609467455622 0.08431952662721894
96 0.8979289940828402 0.016272189349112426 0.08579881656804733
97 0.8949704142011834 0.020710059171597635 0.08431952662721894
98 0.8994082840236687 0.016272189349112426 0.08431952662721894
99 0.900887573964497 0.016272189349112426 0.08284023668639054
