0 0.0014792899408284023 0.0 0.9985207100591716
1 0.0073964497041420114 0.0014792899408284023 0.9911242603550295
2 0.0073964497041420114 0.0029585798816568047 0.9896449704142012
3 0.008875739644970414 0.0073964497041420114 0.9837278106508875
4 0.011834319526627219 0.005917159763313609 0.9822485207100592
5 0.013313609467455622 0.013313609467455622 0.9733727810650887
6 0.019230769230769232 0.013313609467455622 0.9674556213017751
7 0.026627218934911243 0.010355029585798817 0.9630177514792899
8 0.029585798816568046 0.014792899408284023 0.9556213017751479
9 0.03106508875739645 0.023668639053254437 0.9452662721893491
10 0.034023668639053255 0.02514792899408284 0.9408284023668639
11 0.03994082840236687 0.023668639053254437 0.9363905325443787
12 0.04585798816568047 0.02514792899408284 0.9289940828402367
13 0.05029585798816568 0.029585798816568046 0.9201183431952663
14 0.05325443786982249 0.038461538461538464 0.908284023668639
15 0.0621301775147929 0.034023668639053255 0.9038461538461539
16 0.07692307692307693 0.028106508875739646 0.8949704142011834
17 0.08579881656804733 0.03254437869822485 0.8816568047337278
18 0.09467455621301775 0.03106508875739645 0.8742603550295858
19 0.09911242603550297 0.042899408284023666 0.8579881656804734
20 0.10946745562130178 0.042899408284023666 0.8476331360946746
21 0.11982248520710059 0.04881656804733728 0.8313609467455622
22 0.13165680473372782 0.05029585798816568 0.8180473372781065
23 0.14792899408284024 0.05621301775147929 0.7958579881656804
24 0.15680473372781065 0.06656804733727811 0.7766272189349113
25 0.17455621301775148 0.07100591715976332 0.7544378698224852
26 0.1893491124260355 0.07248520710059171 0.7381656804733728
27 0.20710059171597633 0.07840236686390532 0.7144970414201184
28 0.22189349112426035 0.08579881656804733 0.6923076923076923
29 0.23964497041420119 0.08136094674556213 0.6789940828402367
30 0.2529585798816568 0.08431952662721894 0.6627218934911243
31 0.2692307692307692 0.08579881656804733 0.6449704142011834
32 0.28550295857988167 0.08727810650887574 0.6272189349112426
33 0.2958579881656805 0.10207100591715976 0.6020710059171598
34 0.3180473372781065 0.09467455621301775 0.5872781065088757
35 0.33579881656804733 0.09319526627218935 0.5710059171597633
36 0.3609467455621302 0.09615384615384616 0.5428994082840237
37 0.3831360946745562 0.09171597633136094 0.5251479289940828
38 0.40088757396449703 0.08727810650887574 0.5118343195266272
39 0.41863905325443784 0.08727810650887574 0.4940828402366864
40 0.4363905325443787 0.09023668639053255 0.47337278106508873
41 0.44822485207100593 0.10355029585798817 0.44822485207100593
42 0.46449704142011833 0.09911242603550297 0.4363905325443787
43 0.48520710059171596 0.09319526627218935 0.42159763313609466
44 0.507396449704142 0.08875739644970414 0.40384615384615385
45 0.522189349112426 0.09911242603550297 0.378698224852071
46 0.5384615384615384 0.11094674556213018 0.3505917159763314
47 0.5488165680473372 0.11242603550295859 0.33875739644970415
48 0.5754437869822485 0.09615384615384616 0.32840236686390534
49 0.5931952662721893 0.09467455621301775 0.3121301775147929
50 0.6153846153846154 0.08727810650887574 0.2973372781065089
51 0.6316568047337278 0.09023668639053255 0.2781065088757396
52 0.6494082840236687 0.08727810650887574 0.26331360946745563
53 0.665680473372781 0.08579881656804733 0.2485207100591716
54 0.6789940828402367 0.09171597633136094 0.22928994082840237
55 0.6982248520710059 0.08431952662721894 0.21745562130177515
56 0.7071005917159763 0.08875739644970414 0.20414201183431951
57 0.7263313609467456 0.09023668639053255 0.1834319526627219
58 0.7366863905325444 0.09319526627218935 0.17011834319526628
59 0.7633136094674556 0.08136094674556213 0.15532544378698224
60 0.7781065088757396 0.07692307692307693 0.14497041420118342
61 0.7973372781065089 0.06656804733727811 0.13609467455621302
62 0.8136094674556213 0.05325443786982249 0.13313609467455623
63 0.8224852071005917 0.05621301775147929 0.12130177514792899
64 0.8372781065088757 0.04585798816568047 0.11686390532544379
65 0.8461538461538461 0.03994082840236687 0.11390532544378698
66 0.8550295857988166 0.03994082840236687 0.10502958579881656
67 0.8624260355029586 0.03550295857988166 0.10207100591715976
68 0.8742603550295858 0.02514792899408284 0.10059171597633136
69 0.8816568047337278 0.019230769230769232 0.09911242603550297
70 0.8846153846153846 0.01775147928994083 0.09763313609467456
71 0.8875739644970414 0.019230769230769232 0.09319526627218935
72 0.893491124260355 0.016272189349112426 0.09023668639053255
73 0.8994082840236687 0.014792899408284023 0.08579881656804733
74 0.9053254437869822 0.010355029585798817 0.08431952662721894
75 0.9068047337278107 0.010355029585798817 0.08284023668639054
76 0.9097633136094675 0.0073964497041420114 0.08284023668639054
77 0.9112426035502958 0.0073964497041420114 0.08136094674556213
78 0.9127218934911243 0.005917159763313609 0.08136094674556213
79 0.915680473372781 0.0029585798816568047 0.08136094674556213
80 0.915680473372781 0.0029585798816568047 0.08136094674556213
81 0.9186390532544378 0.0 0.08136094674556213
82 0.9186390532544378 0.0 0.08136094674556213
83 0.9186390532544378 0.0 0.08136094674556213
84 0.9186390532544378 0.0 0.08136094674556213
85 0.9186390532544378 0.0 0.08136094674556213
86 0.9186390532544378 0.0 0.08136094674556213
87 0.9186390532544378 0.0 0.08136094674556213
88 0.9186390532544378 0.0 0.08136094674556213
89 0.9186390532544378 0.0 0.08136094674556213
90 0.9186390532544378 0.0 0.08136094674556213
91 0.9186390532544378 0.0 0.08136094674556213
92 0.9186390532544378 0.0 0.08136094674556213
93 0.9186390532544378 0.0 0.08136094674556213
94 0.9186390532544378 0.0 0.08136094674556213
95 0.9186390532544378 0.0 0.08136094674556213
96 0.9186390532544378 0.0 0.08136094674556213
97 0.9186390532544378 0.0 0.08136094674556213
98 0.9186390532544378 0.0 0.08136094674556213
99 0.9186390532544378 0.0 0.08136094674556213
