0 0.0014792899408284023 0.0 0.9985207100591716
1 0.0014792899408284023 0.0 0.9985207100591716
2 0.0014792899408284023 0.0 0.9985207100591716
3 0.0014792899408284023 0.0 0.9985207100591716
4 0.0014792899408284023 0.0 0.9985207100591716
5 0.0014792899408284023 0.0 0.9985207100591716
6 0.0014792899408284023 0.0 0.9985207100591716
7 0.0014792899408284023 0.0 0.9985207100591716
8 0.0014792899408284023 0.0 0.9985207100591716
9 0.0014792899408284023 0.0 0.9985207100591716
10 0.0014792899408284023 0.0 0.9985207100591716
11 0.0014792899408284023 0.0 0.9985207100591716
12 0.0014792899408284023 0.0014792899408284023 0.9970414201183432
13 0.0014792899408284023 0.0029585798816568047 0.9955621301775148
14 0.0014792899408284023 0.0029585798816568047 0.9955621301775148
15 0.0014792899408284023 0.005917159763313609 0.992603550295858
16 0.0014792899408284023 0.005917159763313609 0.992603550295858
17 0.004437869822485207 0.004437869822485207 0.9911242603550295
18 0.005917159763313609 0.005917159763313609 0.9881656804733728
19 0.008875739644970414 0.004437869822485207 0.9866863905325444
20 0.010355029585798817 0.0029585798816568047 0.9866863905325444
21 0.011834319526627219 0.0029585798816568047 0.985207100591716
22 0.013313609467455622 0.005917159763313609 0.9807692307692307
23 0.014792899408284023 0.0073964497041420114 0.977810650887574
24 0.014792899408284023 0.014792899408284023 0.9704142011834319
25 0.01775147928994083 0.014792899408284023 0.9674556213017751
26 0.022189349112426034 0.010355029585798817 0.9674556213017751
27 0.026627218934911243 0.008875739644970414 0.9644970414201184
28 0.028106508875739646 0.0073964497041420114 0.9644970414201184
29 0.03106508875739645 0.011834319526627219 0.9571005917159763
30 0.03550295857988166 0.016272189349112426 0.9482248520710059
31 0.03698224852071006 0.022189349112426034 0.9408284023668639
32 0.042899408284023666 0.020710059171597635 0.9363905325443787
33 0.04585798816568047 0.022189349112426034 0.9319526627218935
34 0.051775147928994084 0.026627218934911243 0.9215976331360947
35 0.05473372781065089 0.029585798816568046 0.915680473372781
36 0.0621301775147929 0.02514792899408284 0.9127218934911243
37 0.06360946745562131 0.029585798816568046 0.9068047337278107
38 0.0695266272189349 0.034023668639053255 0.8964497041420119
39 0.07988165680473373 0.029585798816568046 0.8905325443786982
40 0.08727810650887574 0.03106508875739645 0.8816568047337278
41 0.09171597633136094 0.03698224852071006 0.871301775147929
42 0.09763313609467456 0.03994082840236687 0.8624260355029586
43 0.10355029585798817 0.04585798816568047 0.8505917159763313
44 0.10946745562130178 0.05325443786982249 0.8372781065088757
45 0.12130177514792899 0.04437869822485207 0.834319526627219
46 0.13757396449704143 0.04437869822485207 0.8180473372781065
47 0.14644970414201183 0.042899408284023666 0.8106508875739645
48 0.15384615384615385 0.051775147928994084 0.7943786982248521
49 0.16863905325443787 0.051775147928994084 0.7795857988165681
50 0.1804733727810651 0.04142011834319527 0.7781065088757396
51 0.1893491124260355 0.047337278106508875 0.7633136094674556
52 0.1952662721893491 0.05621301775147929 0.7485207100591716
53 0.20562130177514792 0.0621301775147929 0.7322485207100592
54 0.22337278106508876 0.05621301775147929 0.7204142011834319
55 0.23224852071005916 0.05917159763313609 0.7085798816568047
56 0.2470414201183432 0.05621301775147929 0.6967455621301775
57 0.2514792899408284 0.0650887573964497 0.6834319526627219
58 0.26331360946745563 0.0695266272189349 0.6671597633136095
59 0.2781065088757396 0.07100591715976332 0.650887573964497
60 0.2988165680473373 0.06656804733727811 0.6346153846153846
61 0.3150887573964497 0.06656804733727811 0.6183431952662722
62 0.3269230769230769 0.06804733727810651 0.6050295857988166
63 0.33579881656804733 0.07544378698224852 0.5887573964497042
64 0.3505917159763314 0.07544378698224852 0.5739644970414202
65 0.3698224852071006 0.07988165680473373 0.5502958579881657
66 0.386094674556213 0.08727810650887574 0.5266272189349113
67 0.3994082840236686 0.09023668639053255 0.5103550295857988
68 0.42159763313609466 0.08875739644970414 0.4896449704142012
69 0.4393491124260355 0.08727810650887574 0.47337278106508873
70 0.4541420118343195 0.08579881656804733 0.46005917159763315
71 0.47485207100591714 0.07840236686390532 0.4467455621301775
72 0.4896449704142012 0.08579881656804733 0.4245562130177515
73 0.5088757396449705 0.07840236686390532 0.41272189349112426
74 0.5266272189349113 0.08579881656804733 0.3875739644970414
75 0.5414201183431953 0.08579881656804733 0.3727810650887574
76 0.5576923076923077 0.07840236686390532 0.363905325443787
77 0.5739644970414202 0.07692307692307693 0.34911242603550297
78 0.5946745562130178 0.06804733727810651 0.33727810650887574
79 0.606508875739645 0.07248520710059171 0.3210059171597633
80 0.621301775147929 0.07396449704142012 0.3047337278106509
81 0.6346153846153846 0.07248520710059171 0.29289940828402367
82 0.6479289940828402 0.08431952662721894 0.2677514792899408
83 0.665680473372781 0.08431952662721894 0.25
84 0.6804733727810651 0.07840236686390532 0.2411242603550296
85 0.6982248520710059 0.08431952662721894 0.21745562130177515
86 0.7100591715976331 0.08284023668639054 0.20710059171597633
87 0.6804733727810651 0.11242603550295859 0.20710059171597633
88 0.7041420118343196 0.09911242603550297 0.19674556213017752
89 0.7159763313609467 0.10798816568047337 0.1760355029585799
90 0.6923076923076923 0.1227810650887574 0.1849112426035503
91 0.0 0.7855029585798816 0.21449704142011836
92 0.0 0.7973372781065089 0.20266272189349113
93 0.0 0.8121301775147929 0.1878698224852071
94 0.0 0.8254437869822485 0.17455621301775148
95 0.0 0.7011834319526628 0.2988165680473373
96 0.0 0.0 1.0
97 0.0 0.0 1.0
98 0.0 0.0 1.0
99 0.0 0.0 1.0
