0 0.0014792899408284023 0.0 0.9985207100591716
1 0.0014792899408284023 0.005917159763313609 0.992603550295858
2 0.0014792899408284023 0.005917159763313609 0.992603550295858
3 0.004437869822485207 0.0029585798816568047 0.992603550295858
4 0.005917159763313609 0.0014792899408284023 0.992603550295858
5 0.0073964497041420114 0.0014792899408284023 0.9911242603550295
6 0.008875739644970414 0.0014792899408284023 0.9896449704142012
7 0.008875739644970414 0.0073964497041420114 0.9837278106508875
8 0.010355029585798817 0.0073964497041420114 0.9822485207100592
9 0.011834319526627219 0.008875739644970414 0.9792899408284024
10 0.014792899408284023 0.010355029585798817 0.9748520710059172
11 0.019230769230769232 0.011834319526627219 0.9689349112426036
12 0.023668639053254437 0.010355029585798817 0.9659763313609467
13 0.03106508875739645 0.005917159763313609 0.9630177514792899
14 0.03106508875739645 0.011834319526627219 0.9571005917159763
15 0.03550295857988166 0.016272189349112426 0.9482248520710059
16 0.03550295857988166 0.022189349112426034 0.9423076923076923
17 0.042899408284023666 0.01775147928994083 0.9393491124260355
18 0.05325443786982249 0.023668639053254437 0.9230769230769231
19 0.057692307692307696 0.023668639053254437 0.9186390532544378
20 0.0650887573964497 0.019230769230769232 0.915680473372781
21 0.07100591715976332 0.026627218934911243 0.9023668639053254
22 0.07840236686390532 0.023668639053254437 0.8979289940828402
23 0.08727810650887574 0.022189349112426034 0.8905325443786982
24 0.09319526627218935 0.028106508875739646 0.878698224852071
25 0.10355029585798817 0.028106508875739646 0.8683431952662722
26 0.10946745562130178 0.034023668639053255 0.856508875739645
27 0.12130177514792899 0.03106508875739645 0.8476331360946746
28 0.1346153846153846 0.028106508875739646 0.8372781065088757
29 0.14201183431952663 0.03698224852071006 0.8210059171597633
30 0.14940828402366865 0.03994082840236687 0.8106508875739645
31 0.16272189349112426 0.03698224852071006 0.8002958579881657
32 0.1760355029585799 0.04142011834319527 0.7825443786982249
33 0.1863905325443787 0.04142011834319527 0.772189349112426
34 0.19822485207100593 0.03550295857988166 0.7662721893491125
35 0.20710059171597633 0.04142011834319527 0.7514792899408284
36 0.22337278106508876 0.042899408284023666 0.7337278106508875
37 0.23224852071005916 0.057692307692307696 0.7100591715976331
38 0.25443786982248523 0.042899408284023666 0.7026627218934911
39 0.2677514792899408 0.051775147928994084 0.6804733727810651
40 0.28402366863905326 0.04881656804733728 0.6671597633136095
41 0.2943786982248521 0.05917159763313609 0.6464497041420119
42 0.3121301775147929 0.057692307692307696 0.6301775147928994
43 0.3269230769230769 0.0650887573964497 0.6079881656804734
44 0.33875739644970415 0.0650887573964497 0.5961538461538461
45 0.3624260355029586 0.0621301775147929 0.5754437869822485
46 0.3875739644970414 0.05473372781065089 0.5576923076923077
47 0.3979289940828402 0.060650887573964495 0.5414201183431953
48 0.4260355029585799 0.05325443786982249 0.5207100591715976
49 0.4423076923076923 0.05621301775147929 0.5014792899408284
50 0.45857988165680474 0.06656804733727811 0.47485207100591714
51 0.47928994082840237 0.06656804733727811 0.4541420118343195
52 0.4970414201183432 0.06804733727810651 0.4349112426035503
53 0.5162721893491125 0.0621301775147929 0.42159763313609466
54 0.5355029585798816 0.060650887573964495 0.40384615384615385
55 0.5562130177514792 0.060650887573964495 0.3831360946745562
56 0.5739644970414202 0.0621301775147929 0.363905325443787
57 0.591715976331361 0.0650887573964497 0.3431952662721893
58 0.6094674556213018 0.06656804733727811 0.3239644970414201
59 0.6257396449704142 0.06656804733727811 0.3076923076923077
60 0.6449704142011834 0.06656804733727811 0.28846153846153844
61 0.6642011834319527 0.0621301775147929 0.27366863905325445
62 0.6760355029585798 0.060650887573964495 0.26331360946745563
63 0.6923076923076923 0.05029585798816568 0.257396449704142
64 0.7174556213017751 0.04585798816568047 0.23668639053254437
65 0.7263313609467456 0.06360946745562131 0.21005917159763313
66 0.7455621301775148 0.057692307692307696 0.19674556213017752
67 0.7544378698224852 0.060650887573964495 0.1849112426035503
68 0.7662721893491125 0.060650887573964495 0.17307692307692307
69 0.7884615384615384 0.05029585798816568 0.16124260355029585
70 0.8047337278106509 0.04881656804733728 0.14644970414201183
71 0.8121301775147929 0.047337278106508875 0.14053254437869822
72 0.8298816568047337 0.03550295857988166 0.1346153846153846
73 0.841715976331361 0.03254437869822485 0.1257396449704142
74 0.8520710059171598 0.02514792899408284 0.1227810650887574
75 0.8579881656804734 0.028106508875739646 0.11390532544378698
76 0.8653846153846154 0.03254437869822485 0.10207100591715976
77 0.8757396449704142 0.023668639053254437 0.10059171597633136
78 0.8772189349112426 0.022189349112426034 0.10059171597633136
79 0.8875739644970414 0.016272189349112426 0.09615384615384616
80 0.8920118343195266 0.016272189349112426 0.09171597633136094
81 0.8964497041420119 0.011834319526627219 0.09171597633136094
82 0.8979289940828402 0.013313609467455622 0.08875739644970414
83 0.8994082840236687 0.013313609467455622 0.08727810650887574
84 0.9038461538461539 0.008875739644970414 0.08727810650887574
85 0.9038461538461539 0.011834319526627219 0.08431952662721894
86 0.9053254437869822 0.011834319526627219 0.08284023668639054
87 0.9053254437869822 0.011834319526627219 0.08284023668639054
88 0.9053254437869822 0.013313609467455622 0.08136094674556213
89 0.9097633136094675 0.008875739644970414 0.08136094674556213
90 0.9112426035502958 0.0073964497041420114 0.08136094674556213
91 0.9097633136094675 0.005917159763313609 0.08431952662721894
92 0.9112426035502958 0.0073964497041420114 0.08136094674556213
93 0.9142011834319527 0.004437869822485207 0.08136094674556213
94 0.9142011834319527 0.004437869822485207 0.08136094674556213
95 0.9127218934911243 0.005917159763313609 0.08136094674556213
96 0.9127218934911243 0.005917159763313609 0.08136094674556213
97 0.9127218934911243 0.005917159763313609 0.08136094674556213
98 0.9127218934911243 0.005917159763313609 0.08136094674556213
99 0.9127218934911243 0.005917159763313609 0.08136094674556213
