0 0.0014792899408284023 0.0 0.9985207100591716
1 0.0014792899408284023 0.0 0.9985207100591716
2 0.0014792899408284023 0.0 0.9985207100591716
3 0.0014792899408284023 0.0 0.9985207100591716
4 0.0014792899408284023 0.0 0.9985207100591716
5 0.0014792899408284023 0.0 0.9985207100591716
6 0.0014792899408284023 0.0 0.9985207100591716
7 0.0014792899408284023 0.0029585798816568047 0.9955621301775148
8 0.0014792899408284023 0.0029585798816568047 0.9955621301775148
9 0.0014792899408284023 0.004437869822485207 0.9940828402366864
10 0.004437869822485207 0.0029585798816568047 0.992603550295858
11 0.005917159763313609 0.0029585798816568047 0.9911242603550295
12 0.0073964497041420114 0.0029585798816568047 0.9896449704142012
13 0.0073964497041420114 0.004437869822485207 0.9881656804733728
14 0.008875739644970414 0.004437869822485207 0.9866863905325444
15 0.010355029585798817 0.004437869822485207 0.985207100591716
16 0.013313609467455622 0.004437869822485207 0.9822485207100592
17 0.013313609467455622 0.0073964497041420114 0.9792899408284024
18 0.014792899408284023 0.013313609467455622 0.9718934911242604
19 0.01775147928994083 0.011834319526627219 0.9704142011834319
20 0.023668639053254437 0.008875739644970414 0.9674556213017751
21 0.026627218934911243 0.0073964497041420114 0.9659763313609467
22 0.03254437869822485 0.0029585798816568047 0.9644970414201184
23 0.034023668639053255 0.013313609467455622 0.9526627218934911
24 0.03550295857988166 0.01775147928994083 0.9467455621301775
25 0.038461538461538464 0.019230769230769232 0.9423076923076923
26 0.04585798816568047 0.01775147928994083 0.9363905325443787
27 0.051775147928994084 0.016272189349112426 0.9319526627218935
28 0.060650887573964495 0.013313609467455622 0.9260355029585798
29 0.0650887573964497 0.01775147928994083 0.9171597633136095
30 0.06804733727810651 0.02514792899408284 0.9068047337278107
31 0.07248520710059171 0.026627218934911243 0.900887573964497
32 0.08431952662721894 0.022189349112426034 0.893491124260355
33 0.08875739644970414 0.023668639053254437 0.8875739644970414
34 0.09911242603550297 0.022189349112426034 0.878698224852071
35 0.10798816568047337 0.028106508875739646 0.863905325443787
36 0.11538461538461539 0.023668639053254437 0.8609467455621301
37 0.1257396449704142 0.028106508875739646 0.8461538461538461
38 0.1301775147928994 0.034023668639053255 0.8357988165680473
39 0.13757396449704143 0.042899408284023666 0.8195266272189349
40 0.15088757396449703 0.03994082840236687 0.8091715976331361
41 0.16568047337278108 0.03698224852071006 0.7973372781065089
42 0.1760355029585799 0.03994082840236687 0.7840236686390533
43 0.1863905325443787 0.038461538461538464 0.7751479289940828
44 0.19822485207100593 0.042899408284023666 0.7588757396449705
45 0.21005917159763313 0.04437869822485207 0.7455621301775148
46 0.21893491124260356 0.042899408284023666 0.7381656804733728
47 0.23076923076923078 0.04881656804733728 0.7204142011834319
48 0.24260355029585798 0.05029585798816568 0.7071005917159763
49 0.2514792899408284 0.057692307692307696 0.6908284023668639
50 0.2692307692307692 0.057692307692307696 0.6730769230769231
51 0.28254437869822485 0.05917159763313609 0.658284023668639
52 0.30029585798816566 0.057692307692307696 0.6420118343195266
53 0.3150887573964497 0.060650887573964495 0.6242603550295858
54 0.3269230769230769 0.0650887573964497 0.6079881656804734
55 0.34763313609467456 0.06804733727810651 0.584319526627219
56 0.3668639053254438 0.057692307692307696 0.5754437869822485
57 0.3875739644970414 0.057692307692307696 0.5547337278106509
58 0.3979289940828402 0.07248520710059171 0.5295857988165681
59 0.41420118343195267 0.07100591715976332 0.514792899408284
60 0.4349112426035503 0.06804733727810651 0.4970414201183432
61 0.4511834319526627 0.07100591715976332 0.47781065088757396
62 0.46745562130177515 0.07396449704142012 0.45857988165680474
63 0.48520710059171596 0.0695266272189349 0.4452662721893491
64 0.5029585798816568 0.0695266272189349 0.4275147928994083
65 0.5251479289940828 0.07100591715976332 0.40384615384615385
66 0.5473372781065089 0.06360946745562131 0.3890532544378698
67 0.5591715976331361 0.06656804733727811 0.3742603550295858
68 0.5754437869822485 0.06360946745562131 0.3609467455621302
69 0.5946745562130178 0.05621301775147929 0.34911242603550297
70 0.6079881656804734 0.06360946745562131 0.32840236686390534
71 0.6257396449704142 0.0621301775147929 0.3121301775147929
72 0.643491124260355 0.060650887573964495 0.2958579881656805
73 0.658284023668639 0.05917159763313609 0.28254437869822485
74 0.6715976331360947 0.0695266272189349 0.2588757396449704
75 0.6908284023668639 0.0650887573964497 0.2440828402366864
76 0.7100591715976331 0.060650887573964495 0.22928994082840237
77 0.7263313609467456 0.051775147928994084 0.22189349112426035
78 0.7396449704142012 0.05917159763313609 0.20118343195266272
79 0.7544378698224852 0.05325443786982249 0.19230769230769232
80 0.7736686390532544 0.051775147928994084 0.17455621301775148
81 0.7825443786982249 0.05325443786982249 0.16420118343195267
82 0.7988165680473372 0.05473372781065089 0.14644970414201183
83 0.8076923076923077 0.05325443786982249 0.1390532544378698
84 0.8210059171597633 0.04142011834319527 0.13757396449704143
85 0.8402366863905325 0.03254437869822485 0.12721893491124261
86 0.8520710059171598 0.02514792899408284 0.1227810650887574
87 0.849112426035503 0.029585798816568046 0.12130177514792899
88 0.8594674556213018 0.023668639053254437 0.11686390532544379
89 0.8668639053254438 0.01775147928994083 0.11538461538461539
90 0.863905325443787 0.023668639053254437 0.11242603550295859
91 0.8579881656804734 0.028106508875739646 0.11390532544378698
92 0.863905325443787 0.028106508875739646 0.10798816568047337
93 0.8727810650887574 0.022189349112426034 0.10502958579881656
94 0.878698224852071 0.022189349112426034 0.09911242603550297
95 0.8594674556213018 0.034023668639053255 0.10650887573964497
96 0.8579881656804734 0.03698224852071006 0.10502958579881656
97 0.8284023668639053 0.05621301775147929 0.11538461538461539
98 0.8121301775147929 0.07544378698224852 0.11242603550295859
99 0.0 0.8846153846153846 0.11538461538461539
