0 0.0014792899408284023 0.0 0.9985207100591716
1 0.0014792899408284023 0.0 0.9985207100591716
2 0.0014792899408284023 0.0 0.9985207100591716
3 0.0014792899408284023 0.0014792899408284023 0.9970414201183432
4 0.0014792899408284023 0.0029585798816568047 0.9955621301775148
5 0.0014792899408284023 0.0029585798816568047 0.9955621301775148
6 0.004437869822485207 0.0029585798816568047 0.992603550295858
7 0.004437869822485207 0.004437869822485207 0.9911242603550295
8 0.005917159763313609 0.004437869822485207 0.9896449704142012
9 0.0073964497041420114 0.0029585798816568047 0.9896449704142012
10 0.008875739644970414 0.0014792899408284023 0.9896449704142012
11 0.008875739644970414 0.005917159763313609 0.985207100591716
12 0.011834319526627219 0.0073964497041420114 0.9807692307692307
13 0.013313609467455622 0.011834319526627219 0.9748520710059172
14 0.016272189349112426 0.011834319526627219 0.9718934911242604
15 0.01775147928994083 0.013313609467455622 0.9689349112426036
16 0.020710059171597635 0.013313609467455622 0.9659763313609467
17 0.028106508875739646 0.0073964497041420114 0.9644970414201184
18 0.029585798816568046 0.011834319526627219 0.9585798816568047
19 0.03106508875739645 0.016272189349112426 0.9526627218934911
20 0.03550295857988166 0.020710059171597635 0.9437869822485208
21 0.038461538461538464 0.022189349112426034 0.9393491124260355
22 0.04881656804733728 0.01775147928994083 0.9334319526627219
23 0.051775147928994084 0.023668639053254437 0.9245562130177515
24 0.060650887573964495 0.022189349112426034 0.9171597633136095
25 0.06360946745562131 0.026627218934911243 0.9097633136094675
26 0.07396449704142012 0.023668639053254437 0.9023668639053254
27 0.07692307692307693 0.03254437869822485 0.8905325443786982
28 0.08875739644970414 0.028106508875739646 0.8831360946745562
29 0.09467455621301775 0.03254437869822485 0.8727810650887574
30 0.10355029585798817 0.034023668639053255 0.8624260355029586
31 0.10946745562130178 0.03550295857988166 0.8550295857988166
32 0.11390532544378698 0.042899408284023666 0.8431952662721893
33 0.12721893491124261 0.04437869822485207 0.8284023668639053
34 0.14349112426035504 0.03698224852071006 0.8195266272189349
35 0.14497041420118342 0.047337278106508875 0.8076923076923077
36 0.15088757396449703 0.051775147928994084 0.7973372781065089
37 0.16715976331360946 0.047337278106508875 0.7855029585798816
38 0.1834319526627219 0.047337278106508875 0.7692307692307693
39 0.19822485207100593 0.04585798816568047 0.7559171597633136
40 0.21005917159763313 0.04881656804733728 0.7411242603550295
41 0.21893491124260356 0.05621301775147929 0.7248520710059172
42 0.23520710059171598 0.051775147928994084 0.7130177514792899
43 0.2470414201183432 0.05917159763313609 0.6937869822485208
44 0.257396449704142 0.0650887573964497 0.6775147928994083
45 0.2781065088757396 0.05473372781065089 0.6671597633136095
46 0.29142011834319526 0.05917159763313609 0.6494082840236687
47 0.30177514792899407 0.07248520710059171 0.6257396449704142
48 0.3150887573964497 0.07248520710059171 0.6124260355029586
49 0.33136094674556216 0.07988165680473373 0.5887573964497042
50 0.3505917159763314 0.07988165680473373 0.5695266272189349
51 0.36538461538461536 0.07544378698224852 0.5591715976331361
52 0.3905325443786982 0.06804733727810651 0.5414201183431953
53 0.40384615384615385 0.07544378698224852 0.5207100591715976
54 0.4245562130177515 0.08727810650887574 0.4881656804733728
55 0.4423076923076923 0.08579881656804733 0.4718934911242604
56 0.4630177514792899 0.07248520710059171 0.46449704142011833
57 0.47928994082840237 0.07988165680473373 0.4408284023668639
58 0.4911242603550296 0.08284023668639054 0.4260355029585799
59 0.5133136094674556 0.08727810650887574 0.3994082840236686
60 0.5399408284023669 0.07988165680473373 0.3801775147928994
61 0.5547337278106509 0.07988165680473373 0.36538461538461536
62 0.5710059171597633 0.08579881656804733 0.3431952662721893
63 0.591715976331361 0.07248520710059171 0.33579881656804733
64 0.6035502958579881 0.07988165680473373 0.3165680473372781
65 0.6242603550295858 0.07988165680473373 0.2958579881656805
66 0.6405325443786982 0.07248520710059171 0.2869822485207101
67 0.6523668639053254 0.07692307692307693 0.27071005917159763
68 0.6701183431952663 0.07100591715976332 0.2588757396449704
69 0.6849112426035503 0.06804733727810651 0.2470414201183432
70 0.7041420118343196 0.0621301775147929 0.23372781065088757
71 0.727810650887574 0.060650887573964495 0.21153846153846154
72 0.735207100591716 0.06656804733727811 0.19822485207100593
73 0.7529585798816568 0.0621301775147929 0.1849112426035503
74 0.7662721893491125 0.0650887573964497 0.16863905325443787
75 0.7781065088757396 0.0650887573964497 0.15680473372781065
76 0.7928994082840237 0.057692307692307696 0.14940828402366865
77 0.8017751479289941 0.05917159763313609 0.1390532544378698
78 0.8180473372781065 0.047337278106508875 0.1346153846153846
79 0.8269230769230769 0.047337278106508875 0.1257396449704142
80 0.841715976331361 0.038461538461538464 0.11982248520710059
81 0.8579881656804734 0.029585798816568046 0.11242603550295859
82 0.863905325443787 0.02514792899408284 0.11094674556213018
83 0.871301775147929 0.023668639053254437 0.10502958579881656
84 0.8772189349112426 0.020710059171597635 0.10207100591715976
85 0.8801775147928994 0.019230769230769232 0.10059171597633136
86 0.8846153846153846 0.016272189349112426 0.09911242603550297
87 0.886094674556213 0.014792899408284023 0.09911242603550297
88 0.8920118343195266 0.011834319526627219 0.09615384615384616
89 0.8949704142011834 0.010355029585798817 0.09467455621301775
90 0.8964497041420119 0.008875739644970414 0.09467455621301775
91 0.8949704142011834 0.010355029585798817 0.09467455621301775
92 0.8994082840236687 0.0073964497041420114 0.09319526627218935
93 0.900887573964497 0.008875739644970414 0.09023668639053255
94 0.9038461538461539 0.0073964497041420114 0.08875739644970414
95 0.9053254437869822 0.005917159763313609 0.08875739644970414
96 0.9053254437869822 0.005917159763313609 0.08875739644970414
97 0.900887573964497 0.008875739644970414 0.09023668639053255
98 0.8994082840236687 0.010355029585798817 0.09023668639053255
99 0.8949704142011834 0.014792899408284023 0.09023668639053255
