0 0.0014792899408284023 0.0 0.9985207100591716
1 0.0073964497041420114 0.0014792899408284023 0.9911242603550295
2 0.0073964497041420114 0.0029585798816568047 0.9896449704142012
3 0.008875739644970414 0.005917159763313609 0.985207100591716
4 0.011834319526627219 0.008875739644970414 0.9792899408284024
5 0.014792899408284023 0.008875739644970414 0.9763313609467456
6 0.01775147928994083 0.008875739644970414 0.9733727810650887
7 0.022189349112426034 0.008875739644970414 0.9689349112426036
8 0.026627218934911243 0.011834319526627219 0.9615384615384616
9 0.029585798816568046 0.013313609467455622 0.9571005917159763
10 0.03550295857988166 0.019230769230769232 0.9452662721893491
11 0.03994082840236687 0.01775147928994083 0.9423076923076923
12 0.04585798816568047 0.014792899408284023 0.9393491124260355
13 0.05325443786982249 0.019230769230769232 0.9275147928994083
14 0.05917159763313609 0.02514792899408284 0.915680473372781
15 0.06656804733727811 0.026627218934911243 0.9068047337278107
16 0.07396449704142012 0.029585798816568046 0.8964497041420119
17 0.08727810650887574 0.022189349112426034 0.8905325443786982
18 0.09763313609467456 0.026627218934911243 0.8757396449704142
19 0.10502958579881656 0.034023668639053255 0.8609467455621301
20 0.11094674556213018 0.04142011834319527 0.8476331360946746
21 0.12130177514792899 0.03994082840236687 0.8387573964497042
22 0.1346153846153846 0.042899408284023666 0.8224852071005917
23 0.14940828402366865 0.03698224852071006 0.8136094674556213
24 0.15976331360946747 0.04437869822485207 0.7958579881656804
25 0.17159763313609466 0.05029585798816568 0.7781065088757396
26 0.1819526627218935 0.05621301775147929 0.7618343195266272
27 0.1937869822485207 0.060650887573964495 0.7455621301775148
28 0.20414201183431951 0.06360946745562131 0.7322485207100592
29 0.21597633136094674 0.05473372781065089 0.7292899408284024
30 0.23076923076923078 0.05473372781065089 0.7144970414201184
31 0.24260355029585798 0.06804733727810651 0.6893491124260355
32 0.2618343195266272 0.0621301775147929 0.6760355029585798
33 0.27514792899408286 0.06656804733727811 0.658284023668639
34 0.29289940828402367 0.07692307692307693 0.6301775147928994
35 0.3047337278106509 0.08284023668639054 0.6124260355029586
36 0.3269230769230769 0.07692307692307693 0.5961538461538461
37 0.34023668639053256 0.07840236686390532 0.5813609467455622
38 0.35798816568047337 0.08431952662721894 0.5576923076923077
39 0.38461538461538464 0.07100591715976332 0.5443786982248521
40 0.3994082840236686 0.08431952662721894 0.5162721893491125
41 0.4230769230769231 0.07692307692307693 0.5
42 0.4349112426035503 0.09467455621301775 0.47041420118343197
43 0.4511834319526627 0.09023668639053255 0.45857988165680474
44 0.47485207100591714 0.08579881656804733 0.4393491124260355
45 0.4970414201183432 0.09023668639053255 0.41272189349112426
46 0.5207100591715976 0.08875739644970414 0.3905325443786982
47 0.5399408284023669 0.08579881656804733 0.3742603550295858
48 0.5562130177514792 0.08579881656804733 0.35798816568047337
49 0.5784023668639053 0.08284023668639054 0.33875739644970415
50 0.5961538461538461 0.08727810650887574 0.3165680473372781
51 0.6168639053254438 0.08579881656804733 0.2973372781065089
52 0.6346153846153846 0.08431952662721894 0.28106508875739644
53 0.6538461538461539 0.09171597633136094 0.25443786982248523
54 0.6775147928994083 0.08579881656804733 0.23668639053254437
55 0.6908284023668639 0.09171597633136094 0.21745562130177515
56 0.7056213017751479 0.09023668639053255 0.20414201183431951
57 0.7174556213017751 0.09171597633136094 0.1908284023668639
58 0.735207100591716 0.08579881656804733 0.17899408284023668
59 0.7559171597633136 0.08284023668639054 0.16124260355029585
60 0.772189349112426 0.07692307692307693 0.15088757396449703
61 0.7855029585798816 0.07248520710059171 0.14201183431952663
62 0.8017751479289941 0.0650887573964497 0.13313609467455623
63 0.8195266272189349 0.05325443786982249 0.12721893491124261
64 0.8298816568047337 0.05029585798816568 0.11982248520710059
65 0.8387573964497042 0.04437869822485207 0.11686390532544379
66 0.8505917159763313 0.038461538461538464 0.11094674556213018
67 0.863905325443787 0.028106508875739646 0.10798816568047337
68 0.8742603550295858 0.02514792899408284 0.10059171597633136
69 0.8757396449704142 0.029585798816568046 0.09467455621301775
70 0.8831360946745562 0.023668639053254437 0.09319526627218935
71 0.886094674556213 0.023668639053254437 0.09023668639053255
72 0.8949704142011834 0.01775147928994083 0.08727810650887574
73 0.900887573964497 0.013313609467455622 0.08579881656804733
74 0.9023668639053254 0.011834319526627219 0.08579881656804733
75 0.9053254437869822 0.010355029585798817 0.08431952662721894
76 0.9097633136094675 0.005917159763313609 0.08431952662721894
77 0.9127218934911243 0.004437869822485207 0.08284023668639054
78 0.9127218934911243 0.004437869822485207 0.08284023668639054
79 0.9127218934911243 0.005917159763313609 0.08136094674556213
80 0.915680473372781 0.0029585798816568047 0.08136094674556213
81 0.915680473372781 0.0029585798816568047 0.08136094674556213
82 0.9171597633136095 0.0014792899408284023 0.08136094674556213
83 0.9186390532544378 0.0 0.08136094674556213
84 0.9186390532544378 0.0 0.08136094674556213
85 0.9186390532544378 0.0 0.08136094674556213
86 0.9186390532544378 0.0 0.08136094674556213
87 0.9186390532544378 0.0 0.08136094674556213
88 0.9186390532544378 0.0 0.08136094674556213
89 0.9186390532544378 0.0 0.08136094674556213
90 0.9186390532544378 0.0 0.08136094674556213
91 0.9186390532544378 0.0 0.08136094674556213
92 0.9186390532544378 0.0 0.08136094674556213
93 0.9186390532544378 0.0 0.08136094674556213
94 0.9186390532544378 0.0 0.08136094674556213
95 0.9186390532544378 0.0 0.08136094674556213
96 0.9186390532544378 0.0 0.08136094674556213
97 0.9186390532544378 0.0 0.08136094674556213
98 0.9186390532544378 0.0 0.08136094674556213
99 0.9186390532544378 0.0 0.08136094674556213
