0 0.0014792899408284023 0.0 0.9985207100591716
1 0.0014792899408284023 0.0029585798816568047 0.9955621301775148
2 0.0014792899408284023 0.005917159763313609 0.992603550295858
3 0.0014792899408284023 0.005917159763313609 0.992603550295858
4 0.0014792899408284023 0.0073964497041420114 0.9911242603550295
5 0.0029585798816568047 0.0073964497041420114 0.9896449704142012
6 0.0029585798816568047 0.010355029585798817 0.9866863905325444
7 0.0029585798816568047 0.011834319526627219 0.985207100591716
8 0.004437869822485207 0.010355029585798817 0.985207100591716
9 0.008875739644970414 0.016272189349112426 0.9748520710059172
10 0.008875739644970414 0.016272189349112426 0.9748520710059172
11 0.010355029585798817 0.01775147928994083 0.9718934911242604
12 0.010355029585798817 0.029585798816568046 0.9600591715976331
13 0.011834319526627219 0.03254437869822485 0.9556213017751479
14 0.014792899408284023 0.03106508875739645 0.9541420118343196
15 0.014792899408284023 0.038461538461538464 0.9467455621301775
16 0.014792899408284023 0.04881656804733728 0.9363905325443787
17 0.016272189349112426 0.05473372781065089 0.9289940828402367
18 0.016272189349112426 0.05917159763313609 0.9245562130177515
19 0.019230769230769232 0.05917159763313609 0.9215976331360947
20 0.022189349112426034 0.0695266272189349 0.908284023668639
21 0.03106508875739645 0.0621301775147929 0.9068047337278107
22 0.03254437869822485 0.07248520710059171 0.8949704142011834
23 0.03254437869822485 0.08136094674556213 0.886094674556213
24 0.03550295857988166 0.08579881656804733 0.878698224852071
25 0.04142011834319527 0.09023668639053255 0.8683431952662722
26 0.047337278106508875 0.09911242603550297 0.8535502958579881
27 0.051775147928994084 0.10798816568047337 0.8402366863905325
28 0.05473372781065089 0.11982248520710059 0.8254437869822485
29 0.057692307692307696 0.1301775147928994 0.8121301775147929
30 0.06656804733727811 0.1301775147928994 0.8032544378698225
31 0.07248520710059171 0.1346153846153846 0.7928994082840237
32 0.08284023668639054 0.14644970414201183 0.7707100591715976
33 0.09467455621301775 0.14497041420118342 0.7603550295857988
34 0.10207100591715976 0.15088757396449703 0.7470414201183432
35 0.11094674556213018 0.15088757396449703 0.7381656804733728
36 0.12130177514792899 0.15532544378698224 0.7233727810650887
37 0.13313609467455623 0.15680473372781065 0.7100591715976331
38 0.14053254437869822 0.16715976331360946 0.6923076923076923
39 0.15088757396449703 0.1760355029585799 0.6730769230769231
40 0.16272189349112426 0.1804733727810651 0.6568047337278107
41 0.17455621301775148 0.1819526627218935 0.643491124260355
42 0.1878698224852071 0.1819526627218935 0.6301775147928994
43 0.20118343195266272 0.1863905325443787 0.6124260355029586
44 0.21153846153846154 0.1908284023668639 0.5976331360946746
45 0.21893491124260356 0.20710059171597633 0.5739644970414202
46 0.22928994082840237 0.21153846153846154 0.5591715976331361
47 0.24260355029585798 0.21893491124260356 0.5384615384615384
48 0.2559171597633136 0.23372781065088757 0.5103550295857988
49 0.2677514792899408 0.24260355029585798 0.4896449704142012
50 0.28254437869822485 0.25443786982248523 0.4630177514792899
51 0.30029585798816566 0.2588757396449704 0.4408284023668639
52 0.3150887573964497 0.2618343195266272 0.4230769230769231
53 0.34171597633136097 0.2529585798816568 0.40532544378698226
54 0.35502958579881655 0.2588757396449704 0.386094674556213
55 0.371301775147929 0.26627218934911245 0.3624260355029586
56 0.3831360946745562 0.27366863905325445 0.3431952662721893
57 0.40384615384615385 0.27366863905325445 0.3224852071005917
58 0.42159763313609466 0.27071005917159763 0.3076923076923077
59 0.4319526627218935 0.28254437869822485 0.28550295857988167
60 0.4556213017751479 0.26479289940828404 0.27958579881656803
61 0.47337278106508873 0.2588757396449704 0.2677514792899408
62 0.4985207100591716 0.2485207100591716 0.2529585798816568
63 0.5133136094674556 0.25 0.23668639053254437
64 0.5340236686390533 0.25 0.21597633136094674
65 0.5473372781065089 0.2514792899408284 0.20118343195266272
66 0.5621301775147929 0.2440828402366864 0.1937869822485207
67 0.5769230769230769 0.2470414201183432 0.1760355029585799
68 0.5946745562130178 0.23372781065088757 0.17159763313609466
69 0.6079881656804734 0.22928994082840237 0.16272189349112426
70 0.6183431952662722 0.23520710059171598 0.14644970414201183
71 0.6390532544378699 0.22189349112426035 0.1390532544378698
72 0.6568047337278107 0.21153846153846154 0.13165680473372782
73 0.6730769230769231 0.19822485207100593 0.128698224852071
74 0.6863905325443787 0.19230769230769232 0.12130177514792899
75 0.7011834319526628 0.1834319526627219 0.11538461538461539
76 0.7144970414201184 0.17159763313609466 0.11390532544378698
77 0.7307692307692307 0.15976331360946747 0.10946745562130178
78 0.7366863905325444 0.15532544378698224 0.10798816568047337
79 0.7529585798816568 0.14201183431952663 0.10502958579881656
80 0.7603550295857988 0.1346153846153846 0.10502958579881656
81 0.7795857988165681 0.11982248520710059 0.10059171597633136
82 0.8047337278106509 0.09467455621301775 0.10059171597633136
83 0.8150887573964497 0.08727810650887574 0.09763313609467456
84 0.8313609467455622 0.07396449704142012 0.09467455621301775
85 0.8446745562130178 0.0650887573964497 0.09023668639053255
86 0.8535502958579881 0.05621301775147929 0.09023668639053255
87 0.8594674556213018 0.05029585798816568 0.09023668639053255
88 0.863905325443787 0.047337278106508875 0.08875739644970414
89 0.8668639053254438 0.04437869822485207 0.08875739644970414
90 0.8727810650887574 0.04142011834319527 0.08579881656804733
91 0.8772189349112426 0.038461538461538464 0.08431952662721894
92 0.8831360946745562 0.03254437869822485 0.08431952662721894
93 0.8890532544378699 0.028106508875739646 0.08284023668639054
94 0.8905325443786982 0.026627218934911243 0.08284023668639054
95 0.893491124260355 0.023668639053254437 0.08284023668639054
96 0.8949704142011834 0.023668639053254437 0.08136094674556213
97 0.8994082840236687 0.019230769230769232 0.08136094674556213
98 0.900887573964497 0.01775147928994083 0.08136094674556213
99 0.9053254437869822 0.013313609467455622 0.08136094674556213
