0 0.0014792899408284023 0.0 0.9985207100591716
1 0.0014792899408284023 0.0029585798816568047 0.9955621301775148
2 0.0014792899408284023 0.0029585798816568047 0.9955621301775148
3 0.0014792899408284023 0.0029585798816568047 0.9955621301775148
4 0.0014792899408284023 0.004437869822485207 0.9940828402366864
5 0.0014792899408284023 0.005917159763313609 0.992603550295858
6 0.0014792899408284023 0.0073964497041420114 0.9911242603550295
7 0.0014792899408284023 0.0073964497041420114 0.9911242603550295
8 0.0014792899408284023 0.010355029585798817 0.9881656804733728
9 0.0014792899408284023 0.011834319526627219 0.9866863905325444
10 0.0014792899408284023 0.01775147928994083 0.9807692307692307
11 0.0029585798816568047 0.019230769230769232 0.977810650887574
12 0.004437869822485207 0.020710059171597635 0.9748520710059172
13 0.004437869822485207 0.02514792899408284 0.9704142011834319
14 0.0073964497041420114 0.026627218934911243 0.9659763313609467
15 0.010355029585798817 0.028106508875739646 0.9615384615384616
16 0.010355029585798817 0.03254437869822485 0.9571005917159763
17 0.010355029585798817 0.038461538461538464 0.9511834319526628
18 0.011834319526627219 0.04142011834319527 0.9467455621301775
19 0.013313609467455622 0.04437869822485207 0.9423076923076923
20 0.013313609467455622 0.04881656804733728 0.9378698224852071
21 0.013313609467455622 0.057692307692307696 0.9289940828402367
22 0.014792899408284023 0.0621301775147929 0.9230769230769231
23 0.01775147928994083 0.0650887573964497 0.9171597633136095
24 0.020710059171597635 0.06804733727810651 0.9112426035502958
25 0.023668639053254437 0.07544378698224852 0.900887573964497
26 0.02514792899408284 0.08431952662721894 0.8905325443786982
27 0.026627218934911243 0.09319526627218935 0.8801775147928994
28 0.028106508875739646 0.09467455621301775 0.8772189349112426
29 0.029585798816568046 0.10946745562130178 0.8609467455621301
30 0.03698224852071006 0.11242603550295859 0.8505917159763313
31 0.04437869822485207 0.11834319526627218 0.8372781065088757
32 0.04881656804733728 0.11982248520710059 0.8313609467455622
33 0.051775147928994084 0.1346153846153846 0.8136094674556213
34 0.057692307692307696 0.14349112426035504 0.7988165680473372
35 0.0650887573964497 0.15088757396449703 0.7840236686390533
36 0.07396449704142012 0.15384615384615385 0.772189349112426
37 0.08875739644970414 0.15680473372781065 0.7544378698224852
38 0.10059171597633136 0.15680473372781065 0.742603550295858
39 0.10946745562130178 0.15680473372781065 0.7337278106508875
40 0.11242603550295859 0.17159763313609466 0.7159763313609467
41 0.1257396449704142 0.17307692307692307 0.7011834319526628
42 0.13313609467455623 0.1834319526627219 0.6834319526627219
43 0.14053254437869822 0.1893491124260355 0.6701183431952663
44 0.14792899408284024 0.20414201183431951 0.6479289940828402
45 0.15384615384615385 0.21153846153846154 0.6346153846153846
46 0.15976331360946747 0.21745562130177515 0.6227810650887574
47 0.17011834319526628 0.23372781065088757 0.5961538461538461
48 0.1819526627218935 0.23668639053254437 0.5813609467455622
49 0.1878698224852071 0.2514792899408284 0.5606508875739645
50 0.19674556213017752 0.257396449704142 0.5458579881656804
51 0.20710059171597633 0.2618343195266272 0.5310650887573964
52 0.21301775147928995 0.27662721893491127 0.5103550295857988
53 0.22633136094674555 0.28402366863905326 0.4896449704142012
54 0.2455621301775148 0.28550295857988167 0.46893491124260356
55 0.2529585798816568 0.2869822485207101 0.46005917159763315
56 0.27514792899408286 0.27958579881656803 0.4452662721893491
57 0.29142011834319526 0.28550295857988167 0.4230769230769231
58 0.3076923076923077 0.28402366863905326 0.40828402366863903
59 0.3180473372781065 0.2958579881656805 0.386094674556213
60 0.33875739644970415 0.2988165680473373 0.3624260355029586
61 0.35502958579881655 0.2958579881656805 0.34911242603550297
62 0.3727810650887574 0.28994082840236685 0.33727810650887574
63 0.3905325443786982 0.28846153846153844 0.3210059171597633
64 0.4068047337278107 0.28846153846153844 0.3047337278106509
65 0.4275147928994083 0.28994082840236685 0.28254437869822485
66 0.4378698224852071 0.29289940828402367 0.2692307692307692
67 0.4511834319526627 0.2973372781065089 0.2514792899408284
68 0.47041420118343197 0.2958579881656805 0.23372781065088757
69 0.48668639053254437 0.29289940828402367 0.22041420118343194
70 0.5014792899408284 0.2958579881656805 0.20266272189349113
71 0.5251479289940828 0.2781065088757396 0.19674556213017752
72 0.5488165680473372 0.26627218934911245 0.1849112426035503
73 0.5665680473372781 0.257396449704142 0.1760355029585799
74 0.5784023668639053 0.2603550295857988 0.16124260355029585
75 0.591715976331361 0.25443786982248523 0.15384615384615385
76 0.6153846153846154 0.23668639053254437 0.14792899408284024
77 0.6316568047337278 0.22633136094674555 0.14201183431952663
78 0.6420118343195266 0.22928994082840237 0.128698224852071
79 0.6597633136094675 0.21893491124260356 0.12130177514792899
80 0.6760355029585798 0.20710059171597633 0.11686390532544379
81 0.6893491124260355 0.1952662721893491 0.11538461538461539
82 0.7011834319526628 0.1878698224852071 0.11094674556213018
83 0.7159763313609467 0.17751479289940827 0.10650887573964497
84 0.7292899408284024 0.16568047337278108 0.10502958579881656
85 0.7529585798816568 0.14497041420118342 0.10207100591715976
86 0.772189349112426 0.12721893491124261 0.10059171597633136
87 0.7884615384615384 0.11094674556213018 0.10059171597633136
88 0.7988165680473372 0.10207100591715976 0.09911242603550297
89 0.8091715976331361 0.09467455621301775 0.09615384615384616
90 0.8165680473372781 0.08875739644970414 0.09467455621301775
91 0.8328402366863905 0.07544378698224852 0.09171597633136094
92 0.8402366863905325 0.0695266272189349 0.09023668639053255
93 0.8461538461538461 0.0650887573964497 0.08875739644970414
94 0.8550295857988166 0.057692307692307696 0.08727810650887574
95 0.863905325443787 0.05029585798816568 0.08579881656804733
96 0.8683431952662722 0.04585798816568047 0.08579881656804733
97 0.8727810650887574 0.04142011834319527 0.08579881656804733
98 0.8816568047337278 0.034023668639053255 0.08431952662721894
99 0.8846153846153846 0.03106508875739645 0.08431952662721894
