0 0.0014792899408284023 0.0 0.9985207100591716
1 0.0029585798816568047 0.0029585798816568047 0.9940828402366864
2 0.0029585798816568047 0.008875739644970414 0.9881656804733728
3 0.0029585798816568047 0.010355029585798817 0.9866863905325444
4 0.0029585798816568047 0.013313609467455622 0.9837278106508875
5 0.004437869822485207 0.013313609467455622 0.9822485207100592
6 0.0073964497041420114 0.01775147928994083 0.9748520710059172
7 0.0073964497041420114 0.023668639053254437 0.9689349112426036
8 0.008875739644970414 0.02514792899408284 0.9659763313609467
9 0.010355029585798817 0.029585798816568046 0.9600591715976331
10 0.013313609467455622 0.028106508875739646 0.9585798816568047
11 0.014792899408284023 0.03550295857988166 0.9497041420118343
12 0.020710059171597635 0.03698224852071006 0.9423076923076923
13 0.022189349112426034 0.038461538461538464 0.9393491124260355
14 0.028106508875739646 0.03994082840236687 0.9319526627218935
15 0.03106508875739645 0.057692307692307696 0.9112426035502958
16 0.03254437869822485 0.07100591715976332 0.8964497041420119
17 0.03698224852071006 0.07692307692307693 0.886094674556213
18 0.038461538461538464 0.09467455621301775 0.8668639053254438
19 0.04437869822485207 0.09911242603550297 0.856508875739645
20 0.04881656804733728 0.10502958579881656 0.8461538461538461
21 0.05473372781065089 0.11834319526627218 0.8269230769230769
22 0.060650887573964495 0.1242603550295858 0.8150887573964497
23 0.0621301775147929 0.12721893491124261 0.8106508875739645
24 0.06360946745562131 0.14497041420118342 0.7914201183431953
25 0.06656804733727811 0.15828402366863906 0.7751479289940828
26 0.07396449704142012 0.17307692307692307 0.7529585798816568
27 0.07988165680473373 0.1819526627218935 0.7381656804733728
28 0.08579881656804733 0.1878698224852071 0.7263313609467456
29 0.09023668639053255 0.20118343195266272 0.7085798816568047
30 0.09911242603550297 0.20414201183431951 0.6967455621301775
31 0.10650887573964497 0.21301775147928995 0.6804733727810651
32 0.11686390532544379 0.21449704142011836 0.6686390532544378
33 0.12721893491124261 0.22041420118343194 0.6523668639053254
34 0.14053254437869822 0.22041420118343194 0.6390532544378699
35 0.15384615384615385 0.23816568047337278 0.6079881656804734
36 0.16420118343195267 0.2411242603550296 0.5946745562130178
37 0.1819526627218935 0.2411242603550296 0.5769230769230769
38 0.1908284023668639 0.2529585798816568 0.5562130177514792
39 0.20562130177514792 0.25 0.5443786982248521
40 0.21597633136094674 0.2529585798816568 0.5310650887573964
41 0.22337278106508876 0.27366863905325445 0.5029585798816568
42 0.23816568047337278 0.28402366863905326 0.47781065088757396
43 0.2529585798816568 0.28994082840236685 0.45710059171597633
44 0.27218934911242604 0.2869822485207101 0.4408284023668639
45 0.2869822485207101 0.2869822485207101 0.4260355029585799
46 0.30177514792899407 0.28550295857988167 0.41272189349112426
47 0.3180473372781065 0.28994082840236685 0.39201183431952663
48 0.3343195266272189 0.2943786982248521 0.371301775147929
49 0.34763313609467456 0.30029585798816566 0.3520710059171598
50 0.3683431952662722 0.2958579881656805 0.33579881656804733
51 0.3875739644970414 0.2943786982248521 0.3180473372781065
52 0.4068047337278107 0.2869822485207101 0.3062130177514793
53 0.42159763313609466 0.28994082840236685 0.28846153846153844
54 0.44822485207100593 0.28106508875739644 0.27071005917159763
55 0.4630177514792899 0.28846153846153844 0.2485207100591716
56 0.47781065088757396 0.29289940828402367 0.22928994082840237
57 0.49556213017751477 0.28550295857988167 0.21893491124260356
58 0.5103550295857988 0.27958579881656803 0.21005917159763313
59 0.5325443786982249 0.26627218934911245 0.20118343195266272
60 0.5547337278106509 0.25 0.1952662721893491
61 0.5784023668639053 0.23964497041420119 0.1819526627218935
62 0.5931952662721893 0.23372781065088757 0.17307692307692307
63 0.6079881656804734 0.22337278106508876 0.16863905325443787
64 0.6242603550295858 0.21745562130177515 0.15828402366863906
65 0.636094674556213 0.21005917159763313 0.15384615384615385
66 0.6523668639053254 0.20414201183431951 0.14349112426035504
67 0.6715976331360947 0.1952662721893491 0.13313609467455623
68 0.6834319526627219 0.1863905325443787 0.1301775147928994
69 0.6982248520710059 0.17899408284023668 0.1227810650887574
70 0.7115384615384616 0.16863905325443787 0.11982248520710059
71 0.7307692307692307 0.15236686390532544 0.11686390532544379
72 0.7485207100591716 0.13757396449704143 0.11390532544378698
73 0.7662721893491125 0.12130177514792899 0.11242603550295859
74 0.7810650887573964 0.10798816568047337 0.11094674556213018
75 0.7958579881656804 0.10059171597633136 0.10355029585798817
76 0.8017751479289941 0.09763313609467456 0.10059171597633136
77 0.8165680473372781 0.08579881656804733 0.09763313609467456
78 0.8224852071005917 0.08284023668639054 0.09467455621301775
79 0.8313609467455622 0.07396449704142012 0.09467455621301775
80 0.8461538461538461 0.05917159763313609 0.09467455621301775
81 0.8579881656804734 0.04881656804733728 0.09319526627218935
82 0.8668639053254438 0.04142011834319527 0.09171597633136094
83 0.8727810650887574 0.038461538461538464 0.08875739644970414
84 0.8772189349112426 0.03698224852071006 0.08579881656804733
85 0.8801775147928994 0.034023668639053255 0.08579881656804733
86 0.8831360946745562 0.03106508875739645 0.08579881656804733
87 0.8890532544378699 0.026627218934911243 0.08431952662721894
88 0.8920118343195266 0.023668639053254437 0.08431952662721894
89 0.8920118343195266 0.023668639053254437 0.08431952662721894
90 0.8949704142011834 0.020710059171597635 0.08431952662721894
91 0.8964497041420119 0.020710059171597635 0.08284023668639054
92 0.8979289940828402 0.020710059171597635 0.08136094674556213
93 0.8994082840236687 0.019230769230769232 0.08136094674556213
94 0.9023668639053254 0.016272189349112426 0.08136094674556213
95 0.9053254437869822 0.013313609467455622 0.08136094674556213
96 0.9068047337278107 0.011834319526627219 0.08136094674556213
97 0.9112426035502958 0.0073964497041420114 0.08136094674556213
98 0.9112426035502958 0.0073964497041420114 0.08136094674556213
99 0.9127218934911243 0.005917159763313609 0.08136094674556213
