0 0.0014792899408284023 0.0 0.9985207100591716
1 0.0014792899408284023 0.0 0.9985207100591716
2 0.0014792899408284023 0.0 0.9985207100591716
3 0.0014792899408284023 0.0 0.9985207100591716
4 0.0014792899408284023 0.0 0.9985207100591716
5 0.0014792899408284023 0.0014792899408284023 0.9970414201183432
6 0.0014792899408284023 0.0014792899408284023 0.9970414201183432
7 0.0014792899408284023 0.0014792899408284023 0.9970414201183432
8 0.0014792899408284023 0.0029585798816568047 0.9955621301775148
9 0.0014792899408284023 0.0073964497041420114 0.9911242603550295
10 0.0014792899408284023 0.0073964497041420114 0.9911242603550295
11 0.0029585798816568047 0.0073964497041420114 0.9896449704142012
12 0.004437869822485207 0.005917159763313609 0.9896449704142012
13 0.004437869822485207 0.0073964497041420114 0.9881656804733728
14 0.0073964497041420114 0.0073964497041420114 0.985207100591716
15 0.010355029585798817 0.004437869822485207 0.985207100591716
16 0.010355029585798817 0.004437869822485207 0.985207100591716
17 0.010355029585798817 0.005917159763313609 0.9837278106508875
18 0.011834319526627219 0.004437869822485207 0.9837278106508875
19 0.013313609467455622 0.005917159763313609 0.9807692307692307
20 0.013313609467455622 0.008875739644970414 0.977810650887574
21 0.013313609467455622 0.01775147928994083 0.9689349112426036
22 0.014792899408284023 0.01775147928994083 0.9674556213017751
23 0.01775147928994083 0.014792899408284023 0.9674556213017751
24 0.020710059171597635 0.014792899408284023 0.9644970414201184
25 0.023668639053254437 0.01775147928994083 0.9585798816568047
26 0.02514792899408284 0.022189349112426034 0.9526627218934911
27 0.026627218934911243 0.02514792899408284 0.9482248520710059
28 0.028106508875739646 0.026627218934911243 0.9452662721893491
29 0.029585798816568046 0.028106508875739646 0.9423076923076923
30 0.03698224852071006 0.029585798816568046 0.9334319526627219
31 0.04437869822485207 0.028106508875739646 0.9275147928994083
32 0.04881656804733728 0.034023668639053255 0.9171597633136095
33 0.051775147928994084 0.042899408284023666 0.9053254437869822
34 0.057692307692307696 0.04437869822485207 0.8979289940828402
35 0.0650887573964497 0.04585798816568047 0.8890532544378699
36 0.07396449704142012 0.047337278106508875 0.878698224852071
37 0.08875739644970414 0.04437869822485207 0.8668639053254438
38 0.10059171597633136 0.03994082840236687 0.8594674556213018
39 0.10946745562130178 0.04142011834319527 0.849112426035503
40 0.11242603550295859 0.05029585798816568 0.8372781065088757
41 0.1257396449704142 0.04881656804733728 0.8254437869822485
42 0.13313609467455623 0.05473372781065089 0.8121301775147929
43 0.14053254437869822 0.060650887573964495 0.7988165680473372
44 0.14792899408284024 0.06360946745562131 0.7884615384615384
45 0.15384615384615385 0.0650887573964497 0.7810650887573964
46 0.15976331360946747 0.0695266272189349 0.7707100591715976
47 0.17011834319526628 0.07248520710059171 0.757396449704142
48 0.1819526627218935 0.07396449704142012 0.7440828402366864
49 0.1878698224852071 0.07988165680473373 0.7322485207100592
50 0.19674556213017752 0.08579881656804733 0.7174556213017751
51 0.20710059171597633 0.09319526627218935 0.6997041420118343
52 0.21301775147928995 0.10207100591715976 0.6849112426035503
53 0.22633136094674555 0.11538461538461539 0.658284023668639
54 0.2455621301775148 0.10946745562130178 0.6449704142011834
55 0.2529585798816568 0.11834319526627218 0.628698224852071
56 0.27514792899408286 0.10798816568047337 0.6168639053254438
57 0.29142011834319526 0.11242603550295859 0.5961538461538461
58 0.3076923076923077 0.11390532544378698 0.5784023668639053
59 0.3180473372781065 0.11390532544378698 0.5680473372781065
60 0.33875739644970415 0.11686390532544379 0.5443786982248521
61 0.35502958579881655 0.11834319526627218 0.5266272189349113
62 0.3727810650887574 0.1257396449704142 0.5014792899408284
63 0.3905325443786982 0.1227810650887574 0.48668639053254437
64 0.4068047337278107 0.12721893491124261 0.46597633136094674
65 0.4275147928994083 0.11982248520710059 0.4526627218934911
66 0.4378698224852071 0.1242603550295858 0.4378698224852071
67 0.4511834319526627 0.1257396449704142 0.4230769230769231
68 0.47041420118343197 0.1242603550295858 0.40532544378698226
69 0.48668639053254437 0.12130177514792899 0.39201183431952663
70 0.5014792899408284 0.11686390532544379 0.3816568047337278
71 0.5251479289940828 0.11390532544378698 0.3609467455621302
72 0.5488165680473372 0.10798816568047337 0.3431952662721893
73 0.5665680473372781 0.10650887573964497 0.3269230769230769
74 0.5784023668639053 0.10798816568047337 0.3136094674556213
75 0.591715976331361 0.10946745562130178 0.2988165680473373
76 0.6153846153846154 0.09911242603550297 0.28550295857988167
77 0.6316568047337278 0.09911242603550297 0.2692307692307692
78 0.6420118343195266 0.09467455621301775 0.26331360946745563
79 0.6597633136094675 0.09319526627218935 0.2470414201183432
80 0.6760355029585798 0.08431952662721894 0.23964497041420119
81 0.6893491124260355 0.09023668639053255 0.22041420118343194
82 0.7011834319526628 0.10355029585798817 0.1952662721893491
83 0.7159763313609467 0.09911242603550297 0.1849112426035503
84 0.7292899408284024 0.10207100591715976 0.16863905325443787
85 0.7529585798816568 0.09171597633136094 0.15532544378698224
86 0.772189349112426 0.08136094674556213 0.14644970414201183
87 0.7884615384615384 0.07100591715976332 0.14053254437869822
88 0.7988165680473372 0.0650887573964497 0.13609467455621302
89 0.8091715976331361 0.057692307692307696 0.13313609467455623
90 0.8165680473372781 0.05621301775147929 0.12721893491124261
91 0.8328402366863905 0.04437869822485207 0.1227810650887574
92 0.8402366863905325 0.042899408284023666 0.11686390532544379
93 0.8461538461538461 0.042899408284023666 0.11094674556213018
94 0.8550295857988166 0.03550295857988166 0.10946745562130178
95 0.863905325443787 0.029585798816568046 0.10650887573964497
96 0.8683431952662722 0.026627218934911243 0.10502958579881656
97 0.8727810650887574 0.026627218934911243 0.10059171597633136
98 0.8816568047337278 0.019230769230769232 0.09911242603550297
99 0.8846153846153846 0.020710059171597635 0.09467455621301775
