0 0.0014792899408284023 0.0 0.9985207100591716
1 0.0014792899408284023 0.0 0.9985207100591716
2 0.0014792899408284023 0.0 0.9985207100591716
3 0.0014792899408284023 0.0 0.9985207100591716
4 0.0014792899408284023 0.0 0.9985207100591716
5 0.0014792899408284023 0.0 0.9985207100591716
6 0.0014792899408284023 0.0 0.9985207100591716
7 0.0014792899408284023 0.0 0.9985207100591716
8 0.0014792899408284023 0.0014792899408284023 0.9970414201183432
9 0.0014792899408284023 0.0029585798816568047 0.9955621301775148
10 0.0014792899408284023 0.0029585798816568047 0.9955621301775148
11 0.0014792899408284023 0.004437869822485207 0.9940828402366864
12 0.0029585798816568047 0.004437869822485207 0.992603550295858
13 0.0029585798816568047 0.005917159763313609 0.9911242603550295
14 0.0029585798816568047 0.0073964497041420114 0.9896449704142012
15 0.004437869822485207 0.010355029585798817 0.985207100591716
16 0.004437869822485207 0.011834319526627219 0.9837278106508875
17 0.005917159763313609 0.013313609467455622 0.9807692307692307
18 0.0073964497041420114 0.014792899408284023 0.977810650887574
19 0.010355029585798817 0.013313609467455622 0.9763313609467456
20 0.010355029585798817 0.019230769230769232 0.9704142011834319
21 0.011834319526627219 0.019230769230769232 0.9689349112426036
22 0.016272189349112426 0.019230769230769232 0.9644970414201184
23 0.01775147928994083 0.022189349112426034 0.9600591715976331
24 0.020710059171597635 0.02514792899408284 0.9541420118343196
25 0.020710059171597635 0.03254437869822485 0.9467455621301775
26 0.023668639053254437 0.03550295857988166 0.9408284023668639
27 0.026627218934911243 0.038461538461538464 0.9349112426035503
28 0.03698224852071006 0.03550295857988166 0.9275147928994083
29 0.038461538461538464 0.03698224852071006 0.9245562130177515
30 0.04142011834319527 0.03994082840236687 0.9186390532544378
31 0.04881656804733728 0.038461538461538464 0.9127218934911243
32 0.051775147928994084 0.04437869822485207 0.9038461538461539
33 0.05473372781065089 0.047337278106508875 0.8979289940828402
34 0.05917159763313609 0.05473372781065089 0.886094674556213
35 0.0695266272189349 0.04585798816568047 0.8846153846153846
36 0.07840236686390532 0.042899408284023666 0.878698224852071
37 0.08579881656804733 0.042899408284023666 0.871301775147929
38 0.09023668639053255 0.04881656804733728 0.8609467455621301
39 0.09763313609467456 0.05473372781065089 0.8476331360946746
40 0.10355029585798817 0.060650887573964495 0.8357988165680473
41 0.10650887573964497 0.0621301775147929 0.8313609467455622
42 0.11982248520710059 0.05473372781065089 0.8254437869822485
43 0.1242603550295858 0.05917159763313609 0.8165680473372781
44 0.1346153846153846 0.05917159763313609 0.8062130177514792
45 0.14349112426035504 0.057692307692307696 0.7988165680473372
46 0.14497041420118342 0.0695266272189349 0.7855029585798816
47 0.15976331360946747 0.07100591715976332 0.7692307692307693
48 0.17751479289940827 0.0695266272189349 0.7529585798816568
49 0.17899408284023668 0.09171597633136094 0.7292899408284024
50 0.1878698224852071 0.09319526627218935 0.7189349112426036
51 0.19822485207100593 0.09467455621301775 0.7071005917159763
52 0.20710059171597633 0.10059171597633136 0.6923076923076923
53 0.21893491124260356 0.10059171597633136 0.6804733727810651
54 0.22485207100591717 0.10059171597633136 0.6745562130177515
55 0.23520710059171598 0.10502958579881656 0.6597633136094675
56 0.2470414201183432 0.10946745562130178 0.643491124260355
57 0.2618343195266272 0.11094674556213018 0.6272189349112426
58 0.26627218934911245 0.1257396449704142 0.6079881656804734
59 0.27366863905325445 0.1346153846153846 0.591715976331361
60 0.28846153846153844 0.14053254437869822 0.5710059171597633
61 0.3032544378698225 0.14940828402366865 0.5473372781065089
62 0.3210059171597633 0.14940828402366865 0.5295857988165681
63 0.34023668639053256 0.15828402366863906 0.5014792899408284
64 0.3609467455621302 0.15236686390532544 0.48668639053254437
65 0.378698224852071 0.15532544378698224 0.46597633136094674
66 0.40828402366863903 0.1390532544378698 0.4526627218934911
67 0.41863905325443784 0.16124260355029585 0.42011834319526625
68 0.43047337278106507 0.17307692307692307 0.39644970414201186
69 0.4452662721893491 0.17159763313609466 0.3831360946745562
70 0.45857988165680474 0.17307692307692307 0.3683431952662722
71 0.47781065088757396 0.1760355029585799 0.34615384615384615
72 0.4940828402366864 0.1834319526627219 0.3224852071005917
73 0.507396449704142 0.1849112426035503 0.3076923076923077
74 0.5266272189349113 0.17751479289940827 0.2958579881656805
75 0.5458579881656804 0.17307692307692307 0.28106508875739644
76 0.5650887573964497 0.16863905325443787 0.26627218934911245
77 0.5872781065088757 0.16124260355029585 0.2514792899408284
78 0.6005917159763313 0.16863905325443787 0.23076923076923078
79 0.6257396449704142 0.16272189349112426 0.21153846153846154
80 0.6405325443786982 0.17159763313609466 0.1878698224852071
81 0.6538461538461539 0.16715976331360946 0.17899408284023668
82 0.6686390532544378 0.16863905325443787 0.16272189349112426
83 0.6878698224852071 0.15828402366863906 0.15384615384615385
84 0.7056213017751479 0.14644970414201183 0.14792899408284024
85 0.727810650887574 0.13609467455621302 0.13609467455621302
86 0.7529585798816568 0.11834319526627218 0.128698224852071
87 0.7677514792899408 0.11538461538461539 0.11686390532544379
88 0.7840236686390533 0.10798816568047337 0.10798816568047337
89 0.7988165680473372 0.09911242603550297 0.10207100591715976
90 0.8076923076923077 0.09467455621301775 0.09763313609467456
91 0.8180473372781065 0.08579881656804733 0.09615384615384616
92 0.8298816568047337 0.07840236686390532 0.09171597633136094
93 0.849112426035503 0.0621301775147929 0.08875739644970414
94 0.863905325443787 0.05029585798816568 0.08579881656804733
95 0.8683431952662722 0.047337278106508875 0.08431952662721894
96 0.8757396449704142 0.04142011834319527 0.08284023668639054
97 0.8816568047337278 0.03550295857988166 0.08284023668639054
98 0.8905325443786982 0.026627218934911243 0.08284023668639054
99 0.8920118343195266 0.026627218934911243 0.08136094674556213
