0 0.0014792899408284023 0.0 0.9985207100591716
1 0.0014792899408284023 0.005917159763313609 0.992603550295858
2 0.0014792899408284023 0.008875739644970414 0.9896449704142012
3 0.0014792899408284023 0.008875739644970414 0.9896449704142012
4 0.0014792899408284023 0.010355029585798817 0.9881656804733728
5 0.0014792899408284023 0.010355029585798817 0.9881656804733728
6 0.0014792899408284023 0.011834319526627219 0.9866863905325444
7 0.0014792899408284023 0.01775147928994083 0.9807692307692307
8 0.0029585798816568047 0.016272189349112426 0.9807692307692307
9 0.004437869822485207 0.019230769230769232 0.9763313609467456
10 0.004437869822485207 0.022189349112426034 0.9733727810650887
11 0.005917159763313609 0.022189349112426034 0.9718934911242604
12 0.0073964497041420114 0.022189349112426034 0.9704142011834319
13 0.008875739644970414 0.023668639053254437 0.9674556213017751
14 0.010355029585798817 0.029585798816568046 0.9600591715976331
15 0.014792899408284023 0.029585798816568046 0.9556213017751479
16 0.016272189349112426 0.03550295857988166 0.9482248520710059
17 0.019230769230769232 0.03994082840236687 0.9408284023668639
18 0.022189349112426034 0.03698224852071006 0.9408284023668639
19 0.023668639053254437 0.042899408284023666 0.9334319526627219
20 0.029585798816568046 0.04142011834319527 0.9289940828402367
21 0.03106508875739645 0.04881656804733728 0.9201183431952663
22 0.03550295857988166 0.05029585798816568 0.9142011834319527
23 0.03994082840236687 0.051775147928994084 0.908284023668639
24 0.04585798816568047 0.05325443786982249 0.900887573964497
25 0.05325443786982249 0.05621301775147929 0.8905325443786982
26 0.05917159763313609 0.060650887573964495 0.8801775147928994
27 0.0650887573964497 0.057692307692307696 0.8772189349112426
28 0.07248520710059171 0.05917159763313609 0.8683431952662722
29 0.07544378698224852 0.07100591715976332 0.8535502958579881
30 0.08136094674556213 0.07692307692307693 0.841715976331361
31 0.08727810650887574 0.07988165680473373 0.8328402366863905
32 0.09615384615384616 0.07692307692307693 0.8269230769230769
33 0.10207100591715976 0.08136094674556213 0.8165680473372781
34 0.11390532544378698 0.08579881656804733 0.8002958579881657
35 0.11538461538461539 0.09763313609467456 0.7869822485207101
36 0.12130177514792899 0.10355029585798817 0.7751479289940828
37 0.128698224852071 0.11982248520710059 0.7514792899408284
38 0.1390532544378698 0.11686390532544379 0.7440828402366864
39 0.15236686390532544 0.11686390532544379 0.7307692307692307
40 0.16420118343195267 0.11242603550295859 0.7233727810650887
41 0.16863905325443787 0.11982248520710059 0.7115384615384616
42 0.17455621301775148 0.13165680473372782 0.6937869822485208
43 0.1834319526627219 0.13165680473372782 0.6849112426035503
44 0.1937869822485207 0.1346153846153846 0.6715976331360947
45 0.20118343195266272 0.14940828402366865 0.6494082840236687
46 0.21449704142011836 0.15236686390532544 0.6331360946745562
47 0.23076923076923078 0.15828402366863906 0.6109467455621301
48 0.2470414201183432 0.15236686390532544 0.6005917159763313
49 0.27071005917159763 0.14644970414201183 0.5828402366863905
50 0.28106508875739644 0.15828402366863906 0.5606508875739645
51 0.29289940828402367 0.15828402366863906 0.5488165680473372
52 0.3076923076923077 0.15828402366863906 0.5340236686390533
53 0.31952662721893493 0.16124260355029585 0.5192307692307693
54 0.3254437869822485 0.17899408284023668 0.49556213017751477
55 0.34023668639053256 0.1878698224852071 0.4718934911242604
56 0.35650887573964496 0.19230769230769232 0.4511834319526627
57 0.3727810650887574 0.1952662721893491 0.4319526627218935
58 0.39201183431952663 0.20414201183431951 0.40384615384615385
59 0.40828402366863903 0.21005917159763313 0.3816568047337278
60 0.4289940828402367 0.20562130177514792 0.36538461538461536
61 0.4526627218934911 0.19674556213017752 0.3505917159763314
62 0.47041420118343197 0.19230769230769232 0.33727810650887574
63 0.4985207100591716 0.1819526627218935 0.31952662721893493
64 0.5133136094674556 0.19230769230769232 0.2943786982248521
65 0.5340236686390533 0.1893491124260355 0.27662721893491127
66 0.5473372781065089 0.1893491124260355 0.26331360946745563
67 0.5798816568047337 0.16715976331360946 0.2529585798816568
68 0.6035502958579881 0.16124260355029585 0.23520710059171598
69 0.6168639053254438 0.15828402366863906 0.22485207100591717
70 0.6316568047337278 0.15828402366863906 0.21005917159763313
71 0.6538461538461539 0.14644970414201183 0.1997041420118343
72 0.6775147928994083 0.128698224852071 0.1937869822485207
73 0.6923076923076923 0.13165680473372782 0.1760355029585799
74 0.7041420118343196 0.128698224852071 0.16715976331360946
75 0.7189349112426036 0.1227810650887574 0.15828402366863906
76 0.7337278106508875 0.11094674556213018 0.15532544378698224
77 0.7485207100591716 0.10355029585798817 0.14792899408284024
78 0.7692307692307693 0.09319526627218935 0.13757396449704143
79 0.7884615384615384 0.08727810650887574 0.1242603550295858
80 0.8121301775147929 0.06804733727810651 0.11982248520710059
81 0.8210059171597633 0.06804733727810651 0.11094674556213018
82 0.8372781065088757 0.0621301775147929 0.10059171597633136
83 0.8461538461538461 0.05473372781065089 0.09911242603550297
84 0.8520710059171598 0.051775147928994084 0.09615384615384616
85 0.863905325443787 0.042899408284023666 0.09319526627218935
86 0.871301775147929 0.03550295857988166 0.09319526627218935
87 0.8831360946745562 0.02514792899408284 0.09171597633136094
88 0.8920118343195266 0.020710059171597635 0.08727810650887574
89 0.8979289940828402 0.01775147928994083 0.08431952662721894
90 0.9023668639053254 0.014792899408284023 0.08284023668639054
91 0.9038461538461539 0.013313609467455622 0.08284023668639054
92 0.908284023668639 0.008875739644970414 0.08284023668639054
93 0.9112426035502958 0.0073964497041420114 0.08136094674556213
94 0.9142011834319527 0.004437869822485207 0.08136094674556213
95 0.915680473372781 0.0029585798816568047 0.08136094674556213
96 0.9171597633136095 0.0014792899408284023 0.08136094674556213
97 0.9171597633136095 0.0014792899408284023 0.08136094674556213
98 0.9171597633136095 0.0014792899408284023 0.08136094674556213
99 0.9186390532544378 0.0 0.08136094674556213
