0 0.0014792899408284023 0.0 0.9985207100591716
1 0.0029585798816568047 0.0029585798816568047 0.9940828402366864
2 0.004437869822485207 0.0029585798816568047 0.992603550295858
3 0.004437869822485207 0.0029585798816568047 0.992603550295858
4 0.005917159763313609 0.0014792899408284023 0.992603550295858
5 0.005917159763313609 0.0014792899408284023 0.992603550295858
6 0.005917159763313609 0.004437869822485207 0.9896449704142012
7 0.005917159763313609 0.004437869822485207 0.9896449704142012
8 0.005917159763313609 0.011834319526627219 0.9822485207100592
9 0.008875739644970414 0.010355029585798817 0.9807692307692307
10 0.011834319526627219 0.008875739644970414 0.9792899408284024
11 0.014792899408284023 0.011834319526627219 0.9733727810650887
12 0.016272189349112426 0.011834319526627219 0.9718934911242604
13 0.01775147928994083 0.019230769230769232 0.9630177514792899
14 0.019230769230769232 0.02514792899408284 0.9556213017751479
15 0.028106508875739646 0.01775147928994083 0.9541420118343196
16 0.034023668639053255 0.019230769230769232 0.9467455621301775
17 0.04142011834319527 0.019230769230769232 0.9393491124260355
18 0.042899408284023666 0.028106508875739646 0.9289940828402367
19 0.04881656804733728 0.034023668639053255 0.9171597633136095
20 0.05473372781065089 0.03550295857988166 0.9097633136094675
21 0.06360946745562131 0.03254437869822485 0.9038461538461539
22 0.07100591715976332 0.03254437869822485 0.8964497041420119
23 0.07840236686390532 0.03698224852071006 0.8846153846153846
24 0.08579881656804733 0.03698224852071006 0.8772189349112426
25 0.09319526627218935 0.03698224852071006 0.8698224852071006
26 0.10355029585798817 0.034023668639053255 0.8624260355029586
27 0.10946745562130178 0.03698224852071006 0.8535502958579881
28 0.11538461538461539 0.047337278106508875 0.8372781065088757
29 0.12130177514792899 0.05473372781065089 0.8239644970414202
30 0.13165680473372782 0.05325443786982249 0.8150887573964497
31 0.14201183431952663 0.05473372781065089 0.8032544378698225
32 0.15828402366863906 0.051775147928994084 0.7899408284023669
33 0.17307692307692307 0.05621301775147929 0.7707100591715976
34 0.1819526627218935 0.060650887573964495 0.757396449704142
35 0.1893491124260355 0.07100591715976332 0.7396449704142012
36 0.19822485207100593 0.08727810650887574 0.7144970414201184
37 0.21005917159763313 0.08579881656804733 0.7041420118343196
38 0.23372781065088757 0.07840236686390532 0.6878698224852071
39 0.2455621301775148 0.08284023668639054 0.6715976331360947
40 0.2618343195266272 0.08284023668639054 0.6553254437869822
41 0.27514792899408286 0.08875739644970414 0.636094674556213
42 0.28550295857988167 0.09171597633136094 0.6227810650887574
43 0.2943786982248521 0.09467455621301775 0.6109467455621301
44 0.3121301775147929 0.09171597633136094 0.5961538461538461
45 0.3254437869822485 0.09467455621301775 0.5798816568047337
46 0.34911242603550297 0.08727810650887574 0.5636094674556213
47 0.363905325443787 0.09467455621301775 0.5414201183431953
48 0.3801775147928994 0.09171597633136094 0.5281065088757396
49 0.40088757396449703 0.08579881656804733 0.5133136094674556
50 0.41420118343195267 0.09023668639053255 0.49556213017751477
51 0.4334319526627219 0.08875739644970414 0.47781065088757396
52 0.4511834319526627 0.08579881656804733 0.4630177514792899
53 0.46893491124260356 0.08284023668639054 0.44822485207100593
54 0.47485207100591714 0.09319526627218935 0.4319526627218935
55 0.49556213017751477 0.08727810650887574 0.4171597633136095
56 0.5133136094674556 0.08875739644970414 0.3979289940828402
57 0.5295857988165681 0.10207100591715976 0.3683431952662722
58 0.5547337278106509 0.09467455621301775 0.3505917159763314
59 0.5754437869822485 0.09023668639053255 0.3343195266272189
60 0.5887573964497042 0.09467455621301775 0.3165680473372781
61 0.6035502958579881 0.08875739644970414 0.3076923076923077
62 0.6153846153846154 0.09615384615384616 0.28846153846153844
63 0.6316568047337278 0.09763313609467456 0.27071005917159763
64 0.6494082840236687 0.09319526627218935 0.257396449704142
65 0.6686390532544378 0.08727810650887574 0.2440828402366864
66 0.6804733727810651 0.08431952662721894 0.23520710059171598
67 0.6908284023668639 0.08875739644970414 0.22041420118343194
68 0.7026627218934911 0.09615384615384616 0.20118343195266272
69 0.7248520710059172 0.08284023668639054 0.19230769230769232
70 0.7396449704142012 0.0695266272189349 0.1908284023668639
71 0.757396449704142 0.0650887573964497 0.17751479289940827
72 0.772189349112426 0.060650887573964495 0.16715976331360946
73 0.7840236686390533 0.05621301775147929 0.15976331360946747
74 0.7973372781065089 0.047337278106508875 0.15532544378698224
75 0.8076923076923077 0.04585798816568047 0.14644970414201183
76 0.8239644970414202 0.03254437869822485 0.14349112426035504
77 0.8313609467455622 0.03106508875739645 0.13757396449704143
78 0.8357988165680473 0.03106508875739645 0.13313609467455623
79 0.841715976331361 0.028106508875739646 0.1301775147928994
80 0.8476331360946746 0.023668639053254437 0.128698224852071
81 0.856508875739645 0.02514792899408284 0.11834319526627218
82 0.8668639053254438 0.026627218934911243 0.10650887573964497
83 0.8727810650887574 0.026627218934911243 0.10059171597633136
84 0.8727810650887574 0.028106508875739646 0.09911242603550297
85 0.8801775147928994 0.023668639053254437 0.09615384615384616
86 0.886094674556213 0.020710059171597635 0.09319526627218935
87 0.886094674556213 0.022189349112426034 0.09171597633136094
88 0.893491124260355 0.01775147928994083 0.08875739644970414
89 0.900887573964497 0.013313609467455622 0.08579881656804733
90 0.9053254437869822 0.008875739644970414 0.08579881656804733
91 0.9068047337278107 0.008875739644970414 0.08431952662721894
92 0.908284023668639 0.0073964497041420114 0.08431952662721894
93 0.9097633136094675 0.008875739644970414 0.08136094674556213
94 0.9127218934911243 0.005917159763313609 0.08136094674556213
95 0.9142011834319527 0.004437869822485207 0.08136094674556213
96 0.915680473372781 0.0029585798816568047 0.08136094674556213
97 0.9142011834319527 0.004437869822485207 0.08136094674556213
98 0.9171597633136095 0.0014792899408284023 0.08136094674556213
99 0.9171597633136095 0.0014792899408284023 0.08136094674556213
