0 0.0014792899408284023 0.0 0.9985207100591716
1 0.005917159763313609 0.0029585798816568047 0.9911242603550295
2 0.0073964497041420114 0.005917159763313609 0.9866863905325444
3 0.0073964497041420114 0.011834319526627219 0.9807692307692307
4 0.0073964497041420114 0.020710059171597635 0.9718934911242604
5 0.0073964497041420114 0.022189349112426034 0.9704142011834319
6 0.010355029585798817 0.023668639053254437 0.9659763313609467
7 0.010355029585798817 0.026627218934911243 0.9630177514792899
8 0.01775147928994083 0.026627218934911243 0.9556213017751479
9 0.019230769230769232 0.029585798816568046 0.9511834319526628
10 0.020710059171597635 0.038461538461538464 0.9408284023668639
11 0.026627218934911243 0.038461538461538464 0.9349112426035503
12 0.028106508875739646 0.04881656804733728 0.9230769230769231
13 0.03698224852071006 0.04881656804733728 0.9142011834319527
14 0.04437869822485207 0.04881656804733728 0.9068047337278107
15 0.04585798816568047 0.060650887573964495 0.893491124260355
16 0.05325443786982249 0.0650887573964497 0.8816568047337278
17 0.060650887573964495 0.06804733727810651 0.871301775147929
18 0.07100591715976332 0.0650887573964497 0.863905325443787
19 0.08284023668639054 0.0621301775147929 0.8550295857988166
20 0.09023668639053255 0.0695266272189349 0.8402366863905325
21 0.09615384615384616 0.07248520710059171 0.8313609467455622
22 0.10355029585798817 0.07988165680473373 0.8165680473372781
23 0.11538461538461539 0.07544378698224852 0.8091715976331361
24 0.1227810650887574 0.07692307692307693 0.8002958579881657
25 0.1301775147928994 0.09319526627218935 0.7766272189349113
26 0.13757396449704143 0.10355029585798817 0.7588757396449705
27 0.14644970414201183 0.11538461538461539 0.7381656804733728
28 0.16272189349112426 0.11834319526627218 0.7189349112426036
29 0.1760355029585799 0.11834319526627218 0.7056213017751479
30 0.1849112426035503 0.12130177514792899 0.6937869822485208
31 0.19674556213017752 0.13313609467455623 0.6701183431952663
32 0.21005917159763313 0.1390532544378698 0.650887573964497
33 0.22928994082840237 0.13313609467455623 0.6375739644970414
34 0.24260355029585798 0.13757396449704143 0.6198224852071006
35 0.2603550295857988 0.13609467455621302 0.6035502958579881
36 0.28550295857988167 0.12130177514792899 0.5931952662721893
37 0.2958579881656805 0.1257396449704142 0.5784023668639053
38 0.3121301775147929 0.128698224852071 0.5591715976331361
39 0.32840236686390534 0.1257396449704142 0.5458579881656804
40 0.34467455621301774 0.1242603550295858 0.5310650887573964
41 0.363905325443787 0.12130177514792899 0.514792899408284
42 0.3772189349112426 0.1257396449704142 0.4970414201183432
43 0.3890532544378698 0.13609467455621302 0.47485207100591714
44 0.40384615384615385 0.13165680473372782 0.46449704142011833
45 0.42011834319526625 0.13757396449704143 0.4423076923076923
46 0.4363905325443787 0.13757396449704143 0.4260355029585799
47 0.45857988165680474 0.13757396449704143 0.40384615384615385
48 0.4718934911242604 0.14349112426035504 0.38461538461538464
49 0.48668639053254437 0.14644970414201183 0.3668639053254438
50 0.5044378698224852 0.14349112426035504 0.3520710059171598
51 0.522189349112426 0.13609467455621302 0.34171597633136097
52 0.5369822485207101 0.13757396449704143 0.3254437869822485
53 0.5517751479289941 0.14053254437869822 0.3076923076923077
54 0.5680473372781065 0.14349112426035504 0.28846153846153844
55 0.5828402366863905 0.13757396449704143 0.27958579881656803
56 0.6020710059171598 0.13609467455621302 0.2618343195266272
57 0.6316568047337278 0.12721893491124261 0.2411242603550296
58 0.6494082840236687 0.12130177514792899 0.22928994082840237
59 0.665680473372781 0.11538461538461539 0.21893491124260356
60 0.6834319526627219 0.11094674556213018 0.20562130177514792
61 0.6923076923076923 0.1242603550295858 0.1834319526627219
62 0.7115384615384616 0.11538461538461539 0.17307692307692307
63 0.7292899408284024 0.10798816568047337 0.16272189349112426
64 0.742603550295858 0.09763313609467456 0.15976331360946747
65 0.7559171597633136 0.08579881656804733 0.15828402366863906
66 0.764792899408284 0.08579881656804733 0.14940828402366865
67 0.7795857988165681 0.07396449704142012 0.14644970414201183
68 0.7988165680473372 0.05917159763313609 0.14201183431952663
69 0.8076923076923077 0.051775147928994084 0.14053254437869822
70 0.8091715976331361 0.05473372781065089 0.13609467455621302
71 0.8224852071005917 0.05325443786982249 0.1242603550295858
72 0.8328402366863905 0.047337278106508875 0.11982248520710059
73 0.8402366863905325 0.04585798816568047 0.11390532544378698
74 0.8446745562130178 0.047337278106508875 0.10798816568047337
75 0.8535502958579881 0.04881656804733728 0.09763313609467456
76 0.856508875739645 0.05029585798816568 0.09319526627218935
77 0.8624260355029586 0.047337278106508875 0.09023668639053255
78 0.8668639053254438 0.042899408284023666 0.09023668639053255
79 0.8698224852071006 0.04437869822485207 0.08579881656804733
80 0.871301775147929 0.04585798816568047 0.08284023668639054
81 0.8816568047337278 0.03550295857988166 0.08284023668639054
82 0.893491124260355 0.023668639053254437 0.08284023668639054
83 0.8994082840236687 0.019230769230769232 0.08136094674556213
84 0.900887573964497 0.01775147928994083 0.08136094674556213
85 0.9038461538461539 0.014792899408284023 0.08136094674556213
86 0.9068047337278107 0.011834319526627219 0.08136094674556213
87 0.908284023668639 0.010355029585798817 0.08136094674556213
88 0.9112426035502958 0.0073964497041420114 0.08136094674556213
89 0.9142011834319527 0.004437869822485207 0.08136094674556213
90 0.9142011834319527 0.004437869822485207 0.08136094674556213
91 0.915680473372781 0.0029585798816568047 0.08136094674556213
92 0.915680473372781 0.0029585798816568047 0.08136094674556213
93 0.9186390532544378 0.0 0.08136094674556213
94 0.9186390532544378 0.0 0.08136094674556213
95 0.9186390532544378 0.0 0.08136094674556213
96 0.9186390532544378 0.0 0.08136094674556213
97 0.9186390532544378 0.0 0.08136094674556213
98 0.9186390532544378 0.0 0.08136094674556213
99 0.9186390532544378 0.0 0.08136094674556213
