0 0.0014792899408284023 0.0 0.9985207100591716
1 0.0014792899408284023 0.0 0.9985207100591716
2 0.0014792899408284023 0.0 0.9985207100591716
3 0.0014792899408284023 0.0 0.9985207100591716
4 0.0014792899408284023 0.0 0.9985207100591716
5 0.0014792899408284023 0.0 0.9985207100591716
6 0.0014792899408284023 0.0 0.9985207100591716
7 0.0014792899408284023 0.0014792899408284023 0.9970414201183432
8 0.0014792899408284023 0.0029585798816568047 0.9955621301775148
9 0.0014792899408284023 0.0029585798816568047 0.9955621301775148
10 0.0014792899408284023 0.0029585798816568047 0.9955621301775148
11 0.0014792899408284023 0.0073964497041420114 0.9911242603550295
12 0.0029585798816568047 0.0073964497041420114 0.9896449704142012
13 0.0029585798816568047 0.010355029585798817 0.9866863905325444
14 0.0029585798816568047 0.011834319526627219 0.985207100591716
15 0.0029585798816568047 0.011834319526627219 0.985207100591716
16 0.0073964497041420114 0.0073964497041420114 0.985207100591716
17 0.010355029585798817 0.005917159763313609 0.9837278106508875
18 0.013313609467455622 0.0073964497041420114 0.9792899408284024
19 0.014792899408284023 0.014792899408284023 0.9704142011834319
20 0.01775147928994083 0.014792899408284023 0.9674556213017751
21 0.019230769230769232 0.016272189349112426 0.9644970414201184
22 0.023668639053254437 0.01775147928994083 0.9585798816568047
23 0.026627218934911243 0.020710059171597635 0.9526627218934911
24 0.03106508875739645 0.022189349112426034 0.9467455621301775
25 0.034023668639053255 0.023668639053254437 0.9423076923076923
26 0.038461538461538464 0.026627218934911243 0.9349112426035503
27 0.042899408284023666 0.028106508875739646 0.9289940828402367
28 0.047337278106508875 0.028106508875739646 0.9245562130177515
29 0.05325443786982249 0.03106508875739645 0.915680473372781
30 0.05473372781065089 0.029585798816568046 0.915680473372781
31 0.06360946745562131 0.026627218934911243 0.9097633136094675
32 0.06804733727810651 0.03254437869822485 0.8994082840236687
33 0.07988165680473373 0.03106508875739645 0.8890532544378699
34 0.08875739644970414 0.03254437869822485 0.878698224852071
35 0.09171597633136094 0.04437869822485207 0.863905325443787
36 0.10502958579881656 0.051775147928994084 0.8431952662721893
37 0.11242603550295859 0.05473372781065089 0.8328402366863905
38 0.11686390532544379 0.05473372781065089 0.8284023668639053
39 0.1227810650887574 0.060650887573964495 0.8165680473372781
40 0.1346153846153846 0.06360946745562131 0.8017751479289941
41 0.14497041420118342 0.0650887573964497 0.7899408284023669
42 0.15384615384615385 0.06804733727810651 0.7781065088757396
43 0.16863905325443787 0.0650887573964497 0.7662721893491125
44 0.17899408284023668 0.06804733727810651 0.7529585798816568
45 0.1878698224852071 0.07248520710059171 0.7396449704142012
46 0.20266272189349113 0.07100591715976332 0.7263313609467456
47 0.21153846153846154 0.07840236686390532 0.7100591715976331
48 0.22041420118343194 0.08284023668639054 0.6967455621301775
49 0.23668639053254437 0.07988165680473373 0.6834319526627219
50 0.2603550295857988 0.0695266272189349 0.6701183431952663
51 0.27514792899408286 0.06804733727810651 0.6568047337278107
52 0.27958579881656803 0.08431952662721894 0.636094674556213
53 0.2988165680473373 0.08284023668639054 0.6183431952662722
54 0.3076923076923077 0.09467455621301775 0.5976331360946746
55 0.3254437869822485 0.09911242603550297 0.5754437869822485
56 0.3431952662721893 0.09911242603550297 0.5576923076923077
57 0.35502958579881655 0.09615384615384616 0.5488165680473372
58 0.3668639053254438 0.10059171597633136 0.5325443786982249
59 0.386094674556213 0.10502958579881656 0.5088757396449705
60 0.40236686390532544 0.11094674556213018 0.48668639053254437
61 0.4230769230769231 0.10502958579881656 0.4718934911242604
62 0.4393491124260355 0.10650887573964497 0.4541420118343195
63 0.4630177514792899 0.09615384615384616 0.4408284023668639
64 0.47781065088757396 0.09615384615384616 0.4260355029585799
65 0.48372781065088755 0.10650887573964497 0.40976331360946744
66 0.5014792899408284 0.10502958579881656 0.39349112426035504
67 0.514792899408284 0.10650887573964497 0.378698224852071
68 0.5340236686390533 0.10059171597633136 0.36538461538461536
69 0.5428994082840237 0.09911242603550297 0.35798816568047337
70 0.5680473372781065 0.08875739644970414 0.3431952662721893
71 0.5828402366863905 0.09171597633136094 0.3254437869822485
72 0.6005917159763313 0.09171597633136094 0.3076923076923077
73 0.6183431952662722 0.08727810650887574 0.2943786982248521
74 0.6346153846153846 0.09763313609467456 0.2677514792899408
75 0.6538461538461539 0.08431952662721894 0.2618343195266272
76 0.6671597633136095 0.08284023668639054 0.25
77 0.6834319526627219 0.08875739644970414 0.22781065088757396
78 0.6967455621301775 0.08431952662721894 0.21893491124260356
79 0.7115384615384616 0.07988165680473373 0.20857988165680474
80 0.7263313609467456 0.07988165680473373 0.1937869822485207
81 0.7485207100591716 0.06656804733727811 0.1849112426035503
82 0.7588757396449705 0.07100591715976332 0.17011834319526628
83 0.7795857988165681 0.05621301775147929 0.16420118343195267
84 0.7943786982248521 0.05029585798816568 0.15532544378698224
85 0.8076923076923077 0.04881656804733728 0.14349112426035504
86 0.8165680473372781 0.04585798816568047 0.13757396449704143
87 0.8269230769230769 0.04142011834319527 0.13165680473372782
88 0.8328402366863905 0.03994082840236687 0.12721893491124261
89 0.841715976331361 0.03106508875739645 0.12721893491124261
90 0.8461538461538461 0.029585798816568046 0.1242603550295858
91 0.849112426035503 0.03106508875739645 0.11982248520710059
92 0.8550295857988166 0.034023668639053255 0.11094674556213018
93 0.8609467455621301 0.03550295857988166 0.10355029585798817
94 0.8624260355029586 0.03698224852071006 0.10059171597633136
95 0.8683431952662722 0.038461538461538464 0.09319526627218935
96 0.8772189349112426 0.029585798816568046 0.09319526627218935
97 0.863905325443787 0.03698224852071006 0.09911242603550297
98 0.8757396449704142 0.026627218934911243 0.09763313609467456
99 0.8801775147928994 0.026627218934911243 0.09319526627218935
