0 0.0014792899408284023 0.0 0.9985207100591716
1 0.0014792899408284023 0.0 0.9985207100591716
2 0.0014792899408284023 0.0 0.9985207100591716
3 0.0014792899408284023 0.0 0.9985207100591716
4 0.0014792899408284023 0.0 0.9985207100591716
5 0.0014792899408284023 0.0 0.9985207100591716
6 0.0014792899408284023 0.0 0.9985207100591716
7 0.0014792899408284023 0.0 0.9985207100591716
8 0.0014792899408284023 0.0 0.9985207100591716
9 0.0014792899408284023 0.0 0.9985207100591716
10 0.0014792899408284023 0.0 0.9985207100591716
11 0.0014792899408284023 0.0 0.9985207100591716
12 0.0014792899408284023 0.0014792899408284023 0.9970414201183432
13 0.0014792899408284023 0.0014792899408284023 0.9970414201183432
14 0.0014792899408284023 0.0014792899408284023 0.9970414201183432
15 0.0014792899408284023 0.0014792899408284023 0.9970414201183432
16 0.0014792899408284023 0.005917159763313609 0.992603550295858
17 0.004437869822485207 0.005917159763313609 0.9896449704142012
18 0.004437869822485207 0.008875739644970414 0.9866863905325444
19 0.004437869822485207 0.010355029585798817 0.985207100591716
20 0.004437869822485207 0.013313609467455622 0.9822485207100592
21 0.004437869822485207 0.014792899408284023 0.9807692307692307
22 0.004437869822485207 0.019230769230769232 0.9763313609467456
23 0.0073964497041420114 0.019230769230769232 0.9733727810650887
24 0.008875739644970414 0.022189349112426034 0.9689349112426036
25 0.008875739644970414 0.02514792899408284 0.9659763313609467
26 0.010355029585798817 0.028106508875739646 0.9615384615384616
27 0.016272189349112426 0.026627218934911243 0.9571005917159763
28 0.019230769230769232 0.028106508875739646 0.9526627218934911
29 0.019230769230769232 0.034023668639053255 0.9467455621301775
30 0.023668639053254437 0.03106508875739645 0.9452662721893491
31 0.02514792899408284 0.038461538461538464 0.9363905325443787
32 0.02514792899408284 0.042899408284023666 0.9319526627218935
33 0.03254437869822485 0.047337278106508875 0.9201183431952663
34 0.034023668639053255 0.05473372781065089 0.9112426035502958
35 0.038461538461538464 0.05325443786982249 0.908284023668639
36 0.04585798816568047 0.05917159763313609 0.8949704142011834
37 0.04881656804733728 0.06360946745562131 0.8875739644970414
38 0.05473372781065089 0.0621301775147929 0.8831360946745562
39 0.0621301775147929 0.060650887573964495 0.8772189349112426
40 0.0695266272189349 0.0650887573964497 0.8653846153846154
41 0.07248520710059171 0.07248520710059171 0.8550295857988166
42 0.08579881656804733 0.06804733727810651 0.8461538461538461
43 0.09615384615384616 0.07248520710059171 0.8313609467455622
44 0.10502958579881656 0.07396449704142012 0.8210059171597633
45 0.11094674556213018 0.07692307692307693 0.8121301775147929
46 0.11834319526627218 0.08431952662721894 0.7973372781065089
47 0.12721893491124261 0.08431952662721894 0.7884615384615384
48 0.13609467455621302 0.08431952662721894 0.7795857988165681
49 0.14644970414201183 0.09023668639053255 0.7633136094674556
50 0.15828402366863906 0.10207100591715976 0.7396449704142012
51 0.16568047337278108 0.10946745562130178 0.7248520710059172
52 0.1760355029585799 0.10355029585798817 0.7204142011834319
53 0.19230769230769232 0.10650887573964497 0.7011834319526628
54 0.19674556213017752 0.11094674556213018 0.6923076923076923
55 0.21005917159763313 0.11538461538461539 0.6745562130177515
56 0.22781065088757396 0.11538461538461539 0.6568047337278107
57 0.23372781065088757 0.12130177514792899 0.6449704142011834
58 0.2440828402366864 0.1227810650887574 0.6331360946745562
59 0.2514792899408284 0.1346153846153846 0.613905325443787
60 0.26479289940828404 0.13757396449704143 0.5976331360946746
61 0.27662721893491127 0.14644970414201183 0.5769230769230769
62 0.29142011834319526 0.14792899408284024 0.5606508875739645
63 0.3091715976331361 0.15384615384615385 0.5369822485207101
64 0.3224852071005917 0.15532544378698224 0.522189349112426
65 0.32840236686390534 0.15532544378698224 0.5162721893491125
66 0.3520710059171598 0.14940828402366865 0.4985207100591716
67 0.3698224852071006 0.14497041420118342 0.48520710059171596
68 0.38461538461538464 0.14940828402366865 0.46597633136094674
69 0.40532544378698226 0.13757396449704143 0.45710059171597633
70 0.4245562130177515 0.14349112426035504 0.4319526627218935
71 0.4408284023668639 0.14201183431952663 0.4171597633136095
72 0.4541420118343195 0.14644970414201183 0.3994082840236686
73 0.47337278106508873 0.14497041420118342 0.3816568047337278
74 0.4911242603550296 0.14349112426035504 0.36538461538461536
75 0.507396449704142 0.14644970414201183 0.34615384615384615
76 0.5251479289940828 0.14201183431952663 0.3328402366863905
77 0.5399408284023669 0.14349112426035504 0.3165680473372781
78 0.5473372781065089 0.14940828402366865 0.3032544378698225
79 0.5636094674556213 0.14792899408284024 0.28846153846153844
80 0.5784023668639053 0.14792899408284024 0.27366863905325445
81 0.6020710059171598 0.14644970414201183 0.2514792899408284
82 0.6316568047337278 0.12721893491124261 0.2411242603550296
83 0.6538461538461539 0.1257396449704142 0.22041420118343194
84 0.6642011834319527 0.1301775147928994 0.20562130177514792
85 0.6730769230769231 0.1346153846153846 0.19230769230769232
86 0.6878698224852071 0.128698224852071 0.1834319526627219
87 0.7026627218934911 0.1242603550295858 0.17307692307692307
88 0.7204142011834319 0.11242603550295859 0.16715976331360946
89 0.7366863905325444 0.10502958579881656 0.15828402366863906
90 0.7514792899408284 0.09467455621301775 0.15384615384615385
91 0.7662721893491125 0.08284023668639054 0.15088757396449703
92 0.7751479289940828 0.07988165680473373 0.14497041420118342
93 0.7869822485207101 0.07396449704142012 0.1390532544378698
94 0.8002958579881657 0.0621301775147929 0.13757396449704143
95 0.8062130177514792 0.0621301775147929 0.13165680473372782
96 0.8121301775147929 0.0650887573964497 0.1227810650887574
97 0.0 0.863905325443787 0.13609467455621302
98 0.0 0.8757396449704142 0.1242603550295858
99 0.0 0.8801775147928994 0.11982248520710059
