0 0.0014792899408284023 0.0 0.9985207100591716
1 0.0014792899408284023 0.0029585798816568047 0.9955621301775148
2 0.0014792899408284023 0.004437869822485207 0.9940828402366864
3 0.0014792899408284023 0.005917159763313609 0.992603550295858
4 0.0014792899408284023 0.005917159763313609 0.992603550295858
5 0.0014792899408284023 0.005917159763313609 0.992603550295858
6 0.0014792899408284023 0.0073964497041420114 0.9911242603550295
7 0.0014792899408284023 0.0073964497041420114 0.9911242603550295
8 0.0014792899408284023 0.010355029585798817 0.9881656804733728
9 0.0014792899408284023 0.011834319526627219 0.9866863905325444
10 0.004437869822485207 0.011834319526627219 0.9837278106508875
11 0.005917159763313609 0.013313609467455622 0.9807692307692307
12 0.0073964497041420114 0.011834319526627219 0.9807692307692307
13 0.010355029585798817 0.013313609467455622 0.9763313609467456
14 0.011834319526627219 0.022189349112426034 0.9659763313609467
15 0.014792899408284023 0.02514792899408284 0.9600591715976331
16 0.014792899408284023 0.029585798816568046 0.9556213017751479
17 0.016272189349112426 0.03254437869822485 0.9511834319526628
18 0.016272189349112426 0.03994082840236687 0.9437869822485208
19 0.022189349112426034 0.04142011834319527 0.9363905325443787
20 0.023668639053254437 0.05029585798816568 0.9260355029585798
21 0.03106508875739645 0.04881656804733728 0.9201183431952663
22 0.03550295857988166 0.04881656804733728 0.915680473372781
23 0.03994082840236687 0.05473372781065089 0.9053254437869822
24 0.04437869822485207 0.057692307692307696 0.8979289940828402
25 0.04585798816568047 0.0650887573964497 0.8890532544378699
26 0.05029585798816568 0.06656804733727811 0.8831360946745562
27 0.05325443786982249 0.07100591715976332 0.8757396449704142
28 0.060650887573964495 0.07100591715976332 0.8683431952662722
29 0.07248520710059171 0.0695266272189349 0.8579881656804734
30 0.07396449704142012 0.08579881656804733 0.8402366863905325
31 0.07988165680473373 0.08431952662721894 0.8357988165680473
32 0.08875739644970414 0.08579881656804733 0.8254437869822485
33 0.09319526627218935 0.09171597633136094 0.8150887573964497
34 0.10059171597633136 0.09763313609467456 0.8017751479289941
35 0.11538461538461539 0.09615384615384616 0.7884615384615384
36 0.1257396449704142 0.09911242603550297 0.7751479289940828
37 0.1390532544378698 0.10650887573964497 0.7544378698224852
38 0.14497041420118342 0.11982248520710059 0.735207100591716
39 0.15828402366863906 0.1242603550295858 0.7174556213017751
40 0.17011834319526628 0.11834319526627218 0.7115384615384616
41 0.1804733727810651 0.12721893491124261 0.6923076923076923
42 0.1937869822485207 0.128698224852071 0.6775147928994083
43 0.21153846153846154 0.1257396449704142 0.6627218934911243
44 0.21449704142011836 0.14201183431952663 0.643491124260355
45 0.23076923076923078 0.14053254437869822 0.628698224852071
46 0.23816568047337278 0.15088757396449703 0.6109467455621301
47 0.25 0.15976331360946747 0.5902366863905325
48 0.26331360946745563 0.16272189349112426 0.5739644970414202
49 0.28254437869822485 0.16124260355029585 0.5562130177514792
50 0.2973372781065089 0.15828402366863906 0.5443786982248521
51 0.3106508875739645 0.16863905325443787 0.5207100591715976
52 0.32988165680473375 0.17011834319526628 0.5
53 0.34023668639053256 0.16715976331360946 0.492603550295858
54 0.35798816568047337 0.17011834319526628 0.4718934911242604
55 0.3831360946745562 0.17159763313609466 0.4452662721893491
56 0.39349112426035504 0.17455621301775148 0.4319526627218935
57 0.40532544378698226 0.17455621301775148 0.42011834319526625
58 0.43047337278106507 0.16863905325443787 0.40088757396449703
59 0.4423076923076923 0.16568047337278108 0.39201183431952663
60 0.45710059171597633 0.17011834319526628 0.3727810650887574
61 0.47485207100591714 0.16568047337278108 0.3594674556213018
62 0.4970414201183432 0.15828402366863906 0.34467455621301774
63 0.5133136094674556 0.16124260355029585 0.3254437869822485
64 0.5266272189349113 0.16715976331360946 0.3062130177514793
65 0.5414201183431953 0.17307692307692307 0.28550295857988167
66 0.5606508875739645 0.16568047337278108 0.27366863905325445
67 0.5695266272189349 0.16715976331360946 0.26331360946745563
68 0.5902366863905325 0.16420118343195267 0.2455621301775148
69 0.6035502958579881 0.16863905325443787 0.22781065088757396
70 0.6198224852071006 0.16124260355029585 0.21893491124260356
71 0.6301775147928994 0.15828402366863906 0.21153846153846154
72 0.6420118343195266 0.16863905325443787 0.1893491124260355
73 0.6627218934911243 0.15828402366863906 0.17899408284023668
74 0.6834319526627219 0.14792899408284024 0.16863905325443787
75 0.6952662721893491 0.14497041420118342 0.15976331360946747
76 0.7115384615384616 0.13165680473372782 0.15680473372781065
77 0.7218934911242604 0.1301775147928994 0.14792899408284024
78 0.735207100591716 0.1227810650887574 0.14201183431952663
79 0.7559171597633136 0.10798816568047337 0.13609467455621302
80 0.7736686390532544 0.09467455621301775 0.13165680473372782
81 0.7899408284023669 0.08136094674556213 0.128698224852071
82 0.8047337278106509 0.07396449704142012 0.12130177514792899
83 0.8106508875739645 0.07100591715976332 0.11834319526627218
84 0.8224852071005917 0.0695266272189349 0.10798816568047337
85 0.8254437869822485 0.0695266272189349 0.10502958579881656
86 0.8357988165680473 0.060650887573964495 0.10355029585798817
87 0.8461538461538461 0.05621301775147929 0.09763313609467456
88 0.8505917159763313 0.05473372781065089 0.09467455621301775
89 0.8594674556213018 0.051775147928994084 0.08875739644970414
90 0.863905325443787 0.04881656804733728 0.08727810650887574
91 0.8683431952662722 0.04585798816568047 0.08579881656804733
92 0.8727810650887574 0.04142011834319527 0.08579881656804733
93 0.8816568047337278 0.034023668639053255 0.08431952662721894
94 0.8875739644970414 0.029585798816568046 0.08284023668639054
95 0.8875739644970414 0.029585798816568046 0.08284023668639054
96 0.8920118343195266 0.02514792899408284 0.08284023668639054
97 0.8846153846153846 0.034023668639053255 0.08136094674556213
98 0.8905325443786982 0.028106508875739646 0.08136094674556213
99 0.893491124260355 0.02514792899408284 0.08136094674556213
